100
3 1 5 15 13 11
3 0 8 23 22 21
3 3 2 11 10 18
2 1 4 17 30
3 0 7 28 30 8
2 0 3 5 6
1 0 8 26
3 0 8 7 5 8
1 0 7 1
3 0 4 16 9 7
2 0 4 18 26
2 1 1 11 25
3 3 4 4 5 9
2 1 3 27 27
2 2 10 21 13
2 2 5 19 17
2 1 9 23 24
3 2 1 0 17 8
1 0 8 20
2 2 9 3 9
1 1 1 20
3 0 10 23 8 18
3 1 10 2 9 15
3 2 5 20 2 6
2 0 8 21 30
2 2 9 27 8
3 1 3 26 29 3
3 0 7 6 27 3
3 0 4 24 22 25
2 1 7 17 18
2 0 1 28 27
1 1 10 21
3 2 1 3 18 15
2 0 9 17 0
2 0 10 26 25
2 2 4 7 15
3 0 0 30 30 30
2 0 8 28 3
1 0 9 24
2 2 3 16 25
2 0 6 7 27
3 1 9 23 23 22
3 1 10 30 27 1
1 0 5 12
2 0 5 16 12
2 1 4 25 29
1 0 0 18
3 2 4 9 8 9
1 0 5 11
2 0 3 12 11
1 0 7 29
1 1 6 15
1 0 5 12
1 0 7 14
1 0 0 30
3 1 4 8 9 8
2 1 5 11 11
2 1 10 26 27
1 0 10 27
1 0 5 11
2 1 1 9 10
3 0 2 12 26 13
1 0 5 11
1 0 6 29
1 0 5 14
1 1 3 6
1 0 8 15
2 0 7 30 11
3 2 4 15 10 10
3 0 6 13 16 15
1 1 3 18
1 0 2 2
2 2 4 17 27
2 2 6 26 22
1 0 8 9
3 0 1 3 18 27
3 0 10 3 25 9
3 0 9 23 24 24
1 0 3 6
3 3 3 24 4 22
2 2 1 7 16
2 0 3 3 16
1 0 8 20
1 0 2 2
2 0 10 13 26
1 0 4 8
3 0 1 0 0 0
2 0 4 8 9
1 0 9 11
2 0 9 23 21
1 0 9 23
2 2 1 15 20
3 0 3 17 0 19
2 0 0 0 0
1 1 10 27
3 0 6 0 15 8
2 1 8 16 28
3 0 10 30 30 30
1 0 8 20
3 3 9 17 18 11
