147
2 1 1
2 1
25 93 20
20 2
1 23
19 3
1 1
8 2
16 10
5 17
2 20
16 5
18 7
7 3
7 6
1 3
8 1
11 2
5 3
5 2
3 11
22 3
4 8
7 17
4 20
8 3
4 14
19 1
1 3
15 11
11 6
11 6
11 3
6 18
4 13
24 1
17 8
12 4
6 12
19 6
15 1
12 11
7 3
15 8
9 12
2 7
10 12
6 19
4 13
4 14
8 13
2 17
8 7
3 6
8 4
17 4
3 21
13 12
7 9
4 3
14 11
5 14
1 25
10 6
1 10
13 10
21 3
4 7
18 7
12 2
5 6
15 11
9 17
6 1
9 17
1 12
13 3
5 17
9 5
10 10
8 17
9 4
18 7
4 5
22 3
14 5
7 10
6 2
13 5
11 15
11 9
10 10
5 14
13 10
25 1
6 17
24 2 22
9 8
13 8
24 2 5
9 8
13 8
100 100 14
35 7
31 62
13 72
14 39
2 79
60 14
36 30
70 9
23 16
77 22
2 22
25 17
49 11
36 24
45 54
33 22
18 11
85 3
17 59
5 19
17 38
27 28
44 42
24 64
77 21
40 49
24 26
12 15
84 12
19 6
71 27
2 92
2 35
82 11
29 24
44 11
30 39
44 3
5 1
8 65
79 7
32 28
14 69
34 43
6 72
32 1
17 29
13 57
22 15
19 53
17 24
36 21
34 5
6 50
55 21
77 12
14 44
13 72
58 2
38 47
52 41
62 12
19 49
20 21
30 52
28 15
13 25
13 9
11 56
11 23
3 41
6 92
24 14
23 14
34 20
72 21
19 35
48 47
6 43
49 9
18 47
34 42
47 2
68 6
32 23
7 83
71 12
17 9
60 34
29 46
17 20
20 5
18 77
36 34
2 14
23 30
15 30
5 28
36 16
27 63
24 3 6
9 8
13 8
3 10
24 1 15
9 8
24 3 5
9 8
13 8
3 10
100 1 100
1 100
24 3 4
9 8
13 8
17 8
24 3 10
9 8
13 8
17 8
100 100 27
13 35
45 16
15 43
5 72
54 20
20 66
50 13
35 25
7 81
48 8
88 6
54 9
46 15
9 60
6 14
4 28
23 1
20 62
24 18
29 32
28 18
41 22
3 8
14 46
43 9
46 15
43 7
33 21
12 64
81 12
41 14
26 27
31 60
17 21
4 28
60 17
32 33
40 43
52 5
6 10
12 59
7 61
84 16
20 53
19 54
46 20
12 60
38 10
23 65
53 13
49 31
54 33
30 23
25 6
1 96
5 75
54 16
36 50
33 13
29 49
54 29
55 34
16 85
84 7
54 15
9 74
79 8
33 9
38 59
5 28
11 65
32 7
18 72
63 17
23 23
82 6
64 13
3 78
74 8
5 82
72 19
13 22
55 10
15 81
22 53
8 81
87 11
61 12
68 28
56 14
51 42
47 16
11 70
18 28
51 36
3 57
40 22
52 33
4 6
1 21
24 3 9
9 8
13 8
17 8
24 3 17
9 8
13 8
17 8
24 2 14
9 8
13 8
24 3 14
9 8
13 8
17 8
24 3 19
9 8
13 8
3 10
100 100 22
48 14
49 12
5 48
9 46
44 44
23 75
23 42
58 28
33 44
25 21
38 36
74 23
26 55
27 27
90 11
35 38
53 22
21 38
31 12
1 78
20 2
30 59
16 43
44 54
42 15
23 75
61 12
19 28
40 49
16 13
35 31
16 40
22 24
29 69
21 1
6 32
89 3
26 36
20 36
13 52
37 41
41 35
38 33
46 38
86 3
41 60
42 8
91 2
70 21
60 13
6 50
7 18
36 27
10 31
26 43
3 33
32 6
19 51
75 18
25 36
23 52
40 44
46 24
6 68
27 19
14 81
3 32
73 28
53 30
32 12
9 10
12 15
12 14
16 12
4 21
69 22
7 66
18 54
13 13
18 13
67 14
36 8
76 10
93 3
34 65
41 21
56 30
31 55
35 57
27 53
32 11
38 57
13 46
1 26
27 7
52 38
76 10
35 5
6 73
5 5
24 3 17
9 8
13 8
3 10
100 100 61
83 2
19 73
44 35
7 61
53 32
41 7
3 85
40 29
44 29
23 18
28 18
16 57
51 35
21 80
26 1
57 9
12 25
8 59
49 30
20 24
47 3
37 37
37 28
25 66
11 61
66 35
64 10
65 29
18 33
78 10
89 3
47 53
13 35
6 10
24 58
15 7
42 7
21 24
2 26
12 16
3 39
30 66
2 60
43 23
30 67
72 16
47 9
15 22
48 23
6 58
32 18
56 42
38 63
65 10
1 88
49 36
2 91
16 1
49 23
32 21
48 18
13 26
3 46
38 48
18 74
56 28
22 2
4 20
26 4
29 66
72 17
12 41
20 43
51 32
25 54
94 4
38 59
24 61
62 37
21 40
16 26
42 35
55 12
71 29
21 33
8 79
4 45
33 61
7 13
35 19
2 85
10 70
24 45
3 95
14 5
1 41
63 16
79 12
9 35
42 17
10 87 3
1 7
5 2
3 2
6 4
1 4
2 3
2 7
3 8
3 1
1 8
3 3
4 1
1 1
2 2
3 5
5 5
5 6
1 10
4 6
5 5
2 8
7 2
3 3
5 5
6 1
4 4
6 3
2 4
8 2
8 3
5 3
9 1
1 8
8 2
3 4
1 7
7 4
5 2
9 2
1 7
3 5
4 6
4 1
4 6
1 3
6 2
2 6
6 1
8 3
5 6
7 4
7 2
4 7
10 1
6 4
2 9
5 1
8 1
8 1
2 2
6 2
1 9
2 8
2 4
1 2
7 1
7 2
7 2
3 3
2 1
4 1
6 2
4 7
5 4
5 2
4 3
9 1
2 5
6 3
3 5
3 5
5 2
2 5
2 3
5 2
5 4
7 3
24 2 21
9 8
13 8
24 1 23
9 8
1 1 1
1 1
24 3 9
9 8
13 8
3 10
24 1 14
9 8
24 3 8
9 8
13 8
3 10
24 3 5
9 8
13 8
17 8
13 22 7
5 3
4 7
1 4
1 2
3 1
2 1
6 3
9 5
3 1
12 2
8 6
2 3
9 5
4 4
9 4
6 4
2 3
1 11
3 2
2 3
2 4
1 6
24 3 13
9 8
13 8
3 10
100 100 74
22 58
42 47
4 12
28 58
14 27
7 72
58 41
29 1
86 8
47 28
78 17
43 40
11 44
45 17
38 30
25 52
20 79
39 41
56 38
46 16
82 16
14 3
14 10
9 19
9 83
24 74
37 51
36 10
25 52
14 61
60 28
2 93
51 4
20 24
27 27
69 25
17 44
42 31
30 28
29 27
24 64
6 56
58 16
9 78
51 13
31 21
8 33
17 13
6 6
73 5
10 45
48 10
21 34
42 8
74 24
19 20
20 60
57 12
30 32
80 6
40 31
25 8
7 1
36 45
73 19
38 34
4 84
46 35
45 21
73 2
58 4
23 36
39 45
61 3
68 20
50 37
14 39
45 22
89 1
48 17
26 61
39 44
31 49
18 59
8 9
38 21
5 24
22 57
53 28
28 6
33 23
83 12
73 13
5 32
21 79
6 16
50 49
26 61
55 12
20 39
24 1 10
9 8
24 3 10
9 8
13 8
3 10
24 3 23
9 8
13 8
3 10
24 3 12
9 8
13 8
17 8
24 1 22
9 8
24 1 24
9 8
24 1 2
9 8
21 85 17
7 14
7 3
13 9
2 20
2 14
2 20
18 1
14 3
11 3
17 2
10 1
1 3
5 2
10 1
9 10
4 12
13 7
10 4
8 8
18 1
6 14
7 1
20 1
3 16
4 9
14 8
6 7
13 1
2 2
8 3
10 5
3 2
5 1
2 16
4 1
6 6
3 13
11 4
3 7
9 9
5 10
16 5
16 3
12 5
9 4
19 2
6 15
2 10
14 6
16 4
16 4
11 8
1 1
2 13
14 1
17 4
3 9
13 2
6 16
1 17
7 10
5 4
11 8
10 3
9 8
9 2
11 9
2 10
6 9
12 7
1 6
3 19
9 6
5 3
2 2
14 1
8 12
1 7
3 5
10 7
3 6
2 7
9 3
13 7
2 7
24 3 8
9 8
13 8
17 8
24 3 1
9 8
13 8
17 8
100 65 68
29 55
1 59
15 63
25 45
19 33
75 22
42 46
73 18
19 45
4 32
26 58
48 6
26 1
47 16
6 50
44 12
28 12
38 12
2 52
27 17
22 66
65 36
6 73
53 42
11 11
5 3
59 18
18 67
15 9
47 45
32 55
52 20
64 23
22 5
58 19
65 12
10 63
10 61
30 45
9 28
11 54
35 56
50 17
11 75
56 14
5 44
47 24
27 32
8 87
49 23
58 12
23 53
53 32
17 20
46 50
9 45
25 65
11 14
12 17
10 46
71 16
75 11
22 78
39 17
78 21
24 1 12
9 8
24 1 4
9 8
100 100 53
53 39
10 23
23 64
15 44
19 37
5 39
32 31
43 43
33 53
20 23
41 16
51 32
31 19
13 34
40 44
7 74
4 45
28 67
34 51
32 40
38 1
70 23
2 56
53 38
73 1
10 57
63 8
86 3
66 11
31 49
70 23
5 11
33 53
33 39
75 19
13 59
27 37
79 11
1 57
40 43
22 74
25 16
48 12
29 41
35 53
63 8
61 11
25 60
38 7
6 38
33 50
47 50
34 62
57 11
4 2
8 62
17 4
14 35
61 11
18 51
67 17
8 20
72 9
28 60
17 25
25 16
31 6
5 87
25 17
10 81
60 22
30 41
41 57
64 37
55 46
31 33
61 15
21 51
5 72
84 11
6 80
60 30
17 71
60 35
39 56
35 56
66 15
15 62
22 55
43 20
41 47
50 19
15 10
33 8
74 23
28 13
1 53
32 40
10 78
2 67
24 3 20
9 8
13 8
17 8
75 72 48
40 13
7 44
24 4
6 1
65 9
39 32
48 9
15 42
31 12
46 19
27 6
15 32
33 36
19 34
7 8
55 7
16 2
67 7
19 28
11 43
27 16
16 13
20 51
15 28
31 3
59 3
43 30
7 23
35 11
14 58
29 15
30 28
62 7
27 28
26 49
2 18
38 33
8 45
20 37
14 14
25 40
12 19
11 25
1 10
7 4
57 13
22 38
15 27
47 2
16 24
53 7
12 32
41 28
47 14
48 1
13 62
3 42
5 48
22 40
14 59
47 23
6 39
41 23
42 29
15 42
24 46
46 12
9 4
16 32
29 2
47 11
14 42
24 1 7
9 8
100 100 73
23 59
26 27
81 18
11 19
11 45
66 12
8 42
67 12
22 65
36 15
24 70
6 92
18 36
38 63
59 17
49 26
43 38
26 5
67 6
44 53
12 31
69 2
19 19
13 44
29 5
38 2
70 24
27 21
4 90
10 25
15 50
20 39
19 50
64 34
92 5
11 82
67 6
7 35
46 28
23 33
1 67
8 3
38 43
29 32
9 16
72 8
25 11
87 8
25 51
9 48
28 1
63 9
3 85
76 13
74 15
8 23
30 23
94 1
9 80
24 70
42 23
10 22
76 10
47 18
6 53
74 2
60 4
68 30
90 11
27 52
58 4
1 78
8 54
63 21
14 66
10 59
46 22
37 59
20 59
39 7
18 29
48 44
9 9
53 25
71 29
9 49
8 7
47 19
18 1
3 61
34 24
62 37
47 25
13 71
18 59
20 77
4 91
59 31
5 49
62 15
24 2 8
9 8
13 8
23 17 11
3 15
16 8
5 8
7 6
1 5
14 2
12 4
20 4
5 7
21 1
1 14
6 7
4 19
1 4
2 6
4 12
12 6
24 3 2
9 8
13 8
17 8
24 3 22
9 8
13 8
3 10
100 100 63
24 64
11 6
8 6
64 36
10 25
26 44
46 43
38 23
35 6
28 61
64 12
40 13
63 33
32 60
6 82
37 49
18 40
63 35
15 6
18 20
58 23
36 56
5 79
82 7
68 31
70 20
70 10
9 5
38 38
43 23
45 6
17 57
22 33
33 17
42 8
75 13
20 23
69 18
36 39
93 2
52 8
57 7
22 24
54 8
53 29
16 68
10 40
6 21
10 45
18 66
51 42
37 50
24 7
19 33
41 32
60 33
11 36
10 8
59 32
44 30
17 15
60 21
55 1
48 23
32 15
44 1
38 51
43 12
5 86
28 45
21 34
52 12
11 72
27 8
37 52
6 33
11 64
29 43
86 3
7 63
22 9
40 47
14 83
9 12
13 45
4 93
30 29
7 83
49 6
62 18
13 45
33 68
9 19
7 47
14 31
40 28
65 25
53 32
37 10
43 26
24 1 16
9 8
24 1 8
9 8
24 1 6
9 8
24 3 12
9 8
13 8
3 10
100 100 49
2 98
2 98
2 98
2 98
2 98
2 98
2 98
2 98
2 98
2 98
2 98
2 98
2 98
2 98
2 98
2 98
2 98
2 98
2 98
2 98
2 98
2 98
2 98
2 98
2 98
2 98
2 98
2 98
2 98
2 98
2 98
2 98
2 98
2 98
2 98
2 98
2 98
2 98
2 98
2 98
2 98
2 98
2 98
2 98
2 98
2 98
2 98
2 98
2 98
2 98
2 98
2 98
2 98
2 98
2 98
2 98
2 98
2 98
2 98
2 98
2 98
2 98
2 98
2 98
2 98
2 98
2 98
2 98
2 98
2 98
2 98
2 98
2 98
2 98
2 98
2 98
2 98
2 98
2 98
2 98
2 98
2 98
2 98
2 98
2 98
2 98
2 98
2 98
2 98
2 98
2 98
2 98
2 98
2 98
2 98
2 98
2 98
2 98
2 98
2 98
24 3 16
9 8
13 8
17 8
24 2 4
9 8
13 8
24 2 1
9 8
13 8
82 71 45
52 14
31 25
64 12
43 39
61 2
43 40
10 42
42 11
16 5
40 25
30 40
11 64
29 42
28 38
15 4
48 16
37 30
8 68
14 30
14 12
49 29
27 15
11 3
30 29
8 16
12 2
16 41
39 36
31 14
11 56
40 2
32 37
56 19
13 38
26 23
51 25
31 36
48 32
3 70
38 30
5 15
28 38
21 39
78 5
54 1
50 1
42 9
22 59
26 51
21 28
31 44
34 2
9 63
53 21
22 53
70 8
14 63
14 5
23 41
3 61
10 18
1 50
4 19
62 17
2 30
51 18
14 18
13 66
11 66
27 50
58 5
24 3 24
9 8
13 8
17 8
24 3 3
9 8
13 8
3 10
24 2 18
9 8
13 8
24 2 7
9 8
13 8
100 100 71
37 64
25 42
10 69
21 8
41 12
33 17
12 87
7 8
30 13
73 11
11 49
22 57
31 16
5 28
3 2
48 23
22 68
40 2
10 9
62 25
4 3
31 67
61 34
17 57
19 79
3 71
18 44
78 20
2 63
59 15
32 37
92 5
24 18
87 12
32 49
20 45
46 19
11 78
42 5
24 30
30 4
3 4
32 14
8 38
8 43
27 31
58 30
14 24
71 5
29 52
30 65
68 1
32 33
74 19
2 21
59 38
33 24
63 33
12 74
72 6
81 6
13 25
54 30
30 30
2 9
17 8
55 3
58 8
12 77
1 97
43 54
7 9
55 15
45 14
69 16
54 43
47 31
42 41
53 29
76 15
50 33
47 54
53 11
14 71
89 1
7 61
20 11
82 14
28 40
30 58
54 35
33 13
23 28
91 7
17 45
47 5
33 59
12 73
50 2
78 23
2 1 2
1 1
100 100 12
14 2
26 43
56 37
49 5
2 4
14 49
63 21
64 8
8 64
70 16
9 92
26 24
13 75
63 7
13 32
16 45
56 14
21 8
48 9
25 54
67 2
6 19
67 13
32 15
42 40
4 81
42 40
18 24
32 67
44 29
83 14
66 31
76 21
32 57
32 44
8 60
69 28
21 42
21 20
6 13
36 38
32 32
12 60
81 9
1 90
39 45
19 80
39 10
23 2
39 33
16 2
55 16
41 39
27 2
22 77
42 35
15 66
58 23
75 4
3 62
30 55
37 50
62 37
43 24
36 32
91 7
27 16
45 46
90 7
9 24
37 63
66 21
64 11
19 28
10 5
46 51
50 36
18 68
47 9
79 22
36 5
92 3
95 1
72 10
6 21
36 37
22 48
45 24
45 13
11 33
22 56
42 14
85 1
13 33
14 62
6 91
13 22
63 9
47 35
37 24
2 1 2
2 1
100 100 10
6 74
58 40
49 12
10 31
25 9
43 32
1 75
39 47
25 29
61 38
2 64
14 74
93 8
64 5
26 24
15 61
90 4
20 55
65 25
10 12
15 39
51 40
20 29
75 15
10 16
5 84
38 12
48 52
18 52
61 12
77 1
2 71
7 12
74 10
12 8
7 18
17 67
22 35
32 47
3 67
17 69
20 9
37 19
40 29
5 6
50 24
12 55
21 29
8 13
4 65
18 65
24 18
8 70
83 18
16 59
20 70
11 19
8 63
76 15
3 49
1 38
6 77
1 28
7 88
4 24
28 27
63 7
28 23
24 74
38 31
6 36
35 11
15 31
19 17
12 49
7 55
40 21
70 7
68 27
13 30
43 36
11 55
59 40
67 16
89 8
55 1
23 8
57 41
39 16
8 9
46 50
16 15
54 14
16 85
71 27
27 26
12 49
38 56
46 25
15 59
100 1 1
1 100
100 100 78
54 32
36 50
10 15
13 45
59 15
13 19
26 12
22 30
15 33
85 7
56 13
50 16
59 33
51 42
2 33
9 59
16 70
20 55
37 12
12 25
25 44
67 26
17 76
38 51
38 22
24 37
33 7
94 6
56 6
2 34
84 16
55 22
2 67
22 2
89 3
81 18
36 36
48 48
83 11
18 44
23 37
15 82
21 20
11 7
27 62
8 93
81 8
23 69
30 69
39 41
49 8
6 15
31 56
26 48
8 53
77 9
42 6
18 11
26 10
7 41
22 12
49 16
8 14
21 15
67 18
39 13
15 8
7 43
1 69
62 24
3 45
70 22
25 24
95 2
12 19
9 27
44 1
46 53
42 15
77 17
39 31
14 75
47 43
34 42
14 7
2 5
40 9
6 30
18 62
9 10
73 6
60 10
2 80
11 45
60 16
34 27
59 26
16 42
15 54
77 7
68 22 46
15 39
58 9
15 9
14 28
8 37
12 13
26 16
25 23
48 18
23 22
46 22
12 19
19 22
18 36
1 62
12 42
15 26
5 45
22 19
3 24
12 4
8 11
24 3 21
9 8
13 8
3 10
24 3 13
9 8
13 8
17 8
24 2 11
9 8
13 8
100 100 71
16 58
32 38
1 49
31 53
89 1
44 7
40 48
19 24
1 55
10 35
15 61
5 87
9 75
39 59
58 1
42 4
25 52
40 56
6 89
24 14
42 37
40 51
35 55
21 3
4 2
30 10
92 7
57 41
18 73
24 9
26 66
49 22
33 14
40 47
75 6
37 50
21 61
60 36
5 86
21 70
48 40
47 47
46 1
29 11
19 27
8 50
13 71
14 20
41 9
13 22
62 20
1 31
12 60
11 85
7 23
55 7
4 47
42 13
1 46
1 46
7 37
12 87
25 57
46 14
3 75
9 51
57 25
37 55
30 27
42 59
39 40
35 4
16 9
25 73
21 14
25 29
84 1
3 8
15 27
14 58
58 27
24 55
41 1
25 14
30 66
5 23
56 20
52 47
43 14
12 11
66 29
28 70
36 4
21 69
6 69
16 82
2 42
23 48
10 49
11 7
24 2 12
9 8
13 8
70 96 27
48 14
26 38
11 4
8 58
2 19
16 18
42 26
2 39
16 46
32 7
5 32
40 20
6 13
5 38
7 25
53 9
55 1
12 17
3 27
17 42
7 28
45 13
29 17
40 11
10 37
37 24
1 18
30 25
34 21
42 8
10 49
61 10
7 56
9 23
19 16
53 5
38 11
48 3
36 19
36 6
57 7
38 6
45 8
8 30
24 22
42 16
8 59
16 36
30 14
3 35
27 11
4 37
9 35
9 51
39 15
11 55
13 48
4 6
20 24
36 19
3 59
10 10
56 10
49 14
52 12
27 38
2 20
21 50
14 56
7 30
35 22
12 22
11 19
53 11
23 13
6 60
22 40
37 24
38 26
9 37
11 36
5 45
52 9
40 15
23 8
48 3
26 28
11 44
12 48
34 5
16 3
47 23
1 36
9 13
28 42
19 43
24 3 6
9 8
13 8
17 8
24 3 18
9 8
13 8
17 8
100 100 35
2 73
6 13
77 5
18 83
48 27
44 26
21 73
61 3
54 30
30 37
47 7
65 15
5 13
27 34
9 43
62 34
54 6
38 59
36 2
25 64
3 5
9 25
25 52
34 10
28 16
12 26
21 51
10 53
86 11
54 17
57 24
22 36
47 54
6 64
77 23
86 10
67 27
19 6
49 44
24 72
29 2
8 45
25 76
23 9
89 8
68 19
69 14
8 53
39 17
59 27
4 17
58 12
83 2
11 79
59 20
5 85
41 53
64 34
97 4
12 59
15 79
38 44
38 34
55 42
37 53
25 13
8 67
15 54
25 63
13 18
40 38
3 34
10 42
64 24
26 48
61 16
42 31
58 31
48 25
31 3
10 9
39 36
11 51
45 44
8 26
29 61
64 7
46 5
4 4
47 34
32 5
17 61
63 13
71 14
24 61
16 12
23 1
53 20
49 45
19 74
24 3 7
9 8
13 8
3 10
24 1 11
9 8
24 2 16
9 8
13 8
24 2 10
9 8
13 8
24 1 21
9 8
24 1 20
9 8
24 3 24
9 8
13 8
3 10
100 100 61
22 18
22 26
27 15
15 49
45 28
65 11
6 84
19 6
92 6
65 19
39 2
80 21
6 14
49 21
11 56
21 20
20 75
47 25
29 32
47 15
24 11
31 24
11 90
4 69
8 43
2 84
5 73
19 59
48 31
20 3
57 34
33 66
11 73
26 28
23 74
26 29
62 12
17 82
7 6
17 13
41 46
15 6
18 62
21 80
25 32
83 18
72 17
14 5
17 76
44 36
15 68
38 45
1 12
33 30
36 65
19 66
49 45
39 26
63 4
28 58
42 26
65 10
41 15
31 59
2 26
76 17
8 26
1 54
28 62
78 6
33 54
31 33
38 40
22 63
17 49
22 27
8 16
20 54
63 19
20 12
13 44
27 9
18 82
48 31
23 61
22 67
43 14
6 18
9 73
10 16
93 8
59 24
40 8
35 12
32 59
11 34
30 29
83 3
70 28
50 11
24 2 3
9 8
13 8
24 3 22
9 8
13 8
17 8
100 100 98
40 46
13 41
26 63
85 13
32 25
12 43
30 64
2 49
14 34
25 48
79 3
24 74
43 50
17 75
68 33
30 52
15 21
63 12
13 42
43 8
5 70
12 46
32 20
6 3
22 3
77 20
44 45
67 24
12 21
86 11
1 59
55 46
16 72
56 44
48 48
29 17
43 24
3 79
58 33
30 24
56 2
6 57
86 6
43 30
6 16
69 17
28 70
54 29
4 3
46 8
30 28
13 22
27 62
67 34
45 11
18 23
2 21
7 4
52 16
27 74
42 58
34 62
23 27
33 41
14 71
11 64
5 58
46 31
33 15
57 26
25 34
3 17
31 16
6 11
8 2
18 19
3 73
8 34
35 54
81 1
49 18
24 75
32 19
61 3
43 14
67 18
3 31
53 4
1 89
25 63
24 51
32 57
83 17
17 60
3 56
26 67
8 53
54 21
44 52
32 49
24 3 15
9 8
13 8
3 10
24 2 15
9 8
13 8
24 3 20
9 8
13 8
3 10
8 47 4
6 3
2 3
1 2
2 7
6 3
2 1
3 6
6 3
1 7
2 5
1 1
3 4
7 1
7 1
3 5
6 3
3 2
1 5
4 2
7 2
1 8
5 3
8 1
4 1
6 1
4 2
1 2
3 2
3 4
2 6
4 1
2 5
1 1
2 3
7 2
8 1
1 1
1 1
5 4
2 2
2 4
4 4
2 7
1 6
3 3
1 6
3 3
90 33 15
78 7
19 14
15 33
13 47
44 13
11 50
43 5
10 9
64 7
28 53
33 45
8 17
64 9
30 32
30 15
26 35
16 22
33 32
64 11
19 36
52 39
47 13
36 36
34 55
29 33
35 11
43 48
27 8
24 5
21 2
31 12
70 6
7 80
24 3 7
9 8
13 8
17 8
24 3 23
9 8
13 8
17 8
60 95 3
40 11
7 26
26 17
41 14
18 40
21 2
31 7
1 16
19 26
36 3
7 35
17 12
12 25
20 14
3 52
38 21
50 7
22 19
26 34
39 21
17 30
4 26
3 44
30 31
26 9
7 23
38 1
9 38
1 33
20 11
20 7
13 23
18 19
14 16
10 51
12 43
21 25
10 26
3 20
28 21
19 41
2 20
57 2
6 28
14 39
4 38
7 18
8 40
23 17
6 29
27 29
21 15
23 32
21 27
19 11
45 7
4 9
20 27
24 28
20 36
38 10
27 3
12 49
50 11
41 8
21 34
36 16
25 10
42 13
10 44
4 18
45 11
12 26
2 49
42 6
19 32
13 21
4 37
44 4
39 9
16 29
42 2
25 29
6 19
9 50
7 54
13 31
28 20
12 45
42 13
23 29
26 10
28 22
28 17
6 20
24 3 16
9 8
13 8
3 10
24 1 17
9 8
7 68 1
4 4
1 3
4 1
2 1
4 4
3 4
4 2
4 3
1 1
4 1
4 2
3 3
4 3
1 5
5 1
2 5
5 1
2 5
1 6
3 2
3 4
3 1
2 5
4 3
3 2
1 5
2 3
4 4
5 2
5 1
2 6
3 4
5 1
2 3
2 4
3 5
6 1
3 5
3 2
2 4
1 2
1 1
1 1
2 6
1 1
2 4
1 7
3 3
5 3
1 2
2 5
5 2
4 1
1 6
5 1
2 1
3 1
3 1
5 1
2 4
2 5
3 4
1 7
5 2
2 2
3 2
3 2
1 3
2 1 1
1 2
24 3 15
9 8
13 8
17 8
100 100 76
9 24
10 55
41 45
36 48
46 6
43 9
1 69
27 39
49 50
46 12
10 18
18 13
81 15
16 42
14 86
50 46
96 2
32 57
67 24
22 22
48 10
14 74
85 12
27 72
59 25
6 17
38 39
2 80
87 13
72 10
40 20
26 30
80 3
29 13
8 7
4 26
6 63
18 5
7 73
63 23
20 8
84 17
21 68
67 2
33 44
48 8
18 15
37 43
21 14
74 25
17 29
48 19
55 26
32 42
37 52
53 45
8 44
22 41
48 27
38 46
38 44
51 23
54 47
17 14
63 27
10 50
18 36
12 87
23 3
17 18
11 30
51 45
68 13
15 51
64 9
72 20
17 79
19 28
21 20
69 28
3 82
51 2
51 39
25 23
24 21
18 16
55 19
13 8
52 25
29 44
13 40
31 33
56 33
5 75
59 39
46 12
42 14
90 9
1 33
75 20
100 100 56
30 38
4 72
40 9
48 8
25 3
47 53
14 15
60 34
13 38
57 30
58 37
26 7
52 25
55 37
24 48
43 45
4 45
75 26
52 4
60 19
24 32
52 30
33 49
56 32
86 9
6 92
1 3
81 14
58 38
37 42
66 35
39 35
47 10
85 15
47 23
20 19
34 34
43 19
40 20
19 51
37 3
18 3
63 35
8 49
29 60
68 1
48 35
89 5
37 55
23 20
28 60
21 69
56 27
7 47
17 56
45 19
39 4
60 16
2 39
1 46
45 39
47 45
69 27
48 48
43 43
59 34
47 44
49 27
11 5
66 23
13 54
76 6
1 64
24 15
34 41
1 37
49 19
80 9
38 54
57 23
25 71
47 30
52 3
36 47
37 56
30 3
9 40
62 15
59 5
20 74
35 40
73 19
73 8
47 50
16 58
3 98
41 25
36 58
74 19
33 55
100 100 42
7 62
16 74
26 35
61 36
2 57
54 26
25 72
18 67
12 37
55 15
37 20
84 6
40 15
67 27
21 68
12 8
26 33
21 35
22 62
2 17
37 25
18 59
15 19
81 4
8 10
45 36
72 10
63 8
22 8
20 51
41 34
93 5
22 22
42 16
17 37
11 31
6 78
75 6
12 32
49 1
72 15
3 12
22 47
65 13
7 47
56 44
2 12
29 31
40 15
63 15
21 60
45 33
44 27
2 48
93 2
41 33
69 6
56 25
63 11
25 4
66 14
37 53
50 15
13 55
50 47
43 8
52 43
34 6
99 1
37 38
23 60
2 76
59 24
24 45
89 9
21 9
26 59
53 47
13 12
42 20
1 81
15 25
26 42
84 17
84 11
32 63
54 40
6 85
5 37
13 19
37 25
65 24
34 3
5 93
37 35
25 74
21 22
54 36
44 27
31 2
90 71 89
62 29
14 27
29 7
72 2
27 6
20 38
81 3
21 4
6 75
42 46
45 42
36 42
14 20
32 31
13 38
45 38
16 61
19 16
14 30
41 39
63 26
38 32
80 11
8 11
13 64
13 3
39 12
1 9
5 8
15 66
36 54
17 39
56 31
28 9
10 37
16 52
59 10
51 1
10 7
31 31
61 15
3 53
2 50
66 22
34 32
2 3
23 16
31 31
30 39
53 11
1 18
2 81
38 16
50 28
27 22
1 32
11 60
11 8
22 24
38 22
1 10
20 54
3 84
29 8
32 25
69 1
11 5
41 46
53 6
7 68
65 5
24 3 2
9 8
13 8
3 10
24 3 21
9 8
13 8
17 8
24 3 3
9 8
13 8
17 8
24 2 17
9 8
13 8
24 3 1
9 8
13 8
3 10
24 2 9
9 8
13 8
9 33 5
5 1
7 1
7 1
2 3
1 2
2 2
3 3
3 4
5 4
2 5
2 8
4 3
8 1
1 7
1 8
5 4
5 3
3 7
4 6
9 1
3 4
1 7
1 3
9 1
6 4
3 5
3 6
2 1
2 4
1 9
2 5
1 5
2 2
2 1 1
1 1
24 3 4
9 8
13 8
3 10
24 2 13
9 8
13 8
24 1 13
9 8
24 1 18
9 8
24 2 19
9 8
13 8
24 1 1
9 8
24 22 18
3 2
6 8
20 3
3 2
15 1
18 6
3 17
10 7
9 7
4 6
8 11
8 3
5 5
10 12
9 6
3 4
12 2
1 13
8 10
14 7
8 9
8 13
24 3 11
9 8
13 8
17 8
24 2 6
9 8
13 8
24 1 3
9 8
24 3 14
9 8
13 8
3 10
24 3 19
9 8
13 8
17 8
24 2 23
9 8
13 8
56 4 11
32 9
22 5
6 49
21 19
24 3 11
9 8
13 8
3 10
2 1 2
1 2
24 1 9
9 8
24 2 24
9 8
13 8
100 1 10
1 100
15 14 3
12 3
3 11
3 7
1 10
13 1
7 2
8 4
1 2
6 7
4 9
6 7
7 4
2 1
1 11
24 1 5
9 8
24 2 2
9 8
13 8
24 1 19
9 8
24 2 20
9 8
13 8
82 41 52
6 63
17 50
44 38
15 19
13 56
19 42
35 15
53 7
21 46
20 12
17 53
2 48
28 24
32 5
60 20
73 9
14 10
5 51
59 21
20 52
3 34
22 4
49 8
2 39
3 18
7 58
22 54
31 32
9 20
9 65
25 2
10 3
30 5
39 29
43 5
12 25
35 15
19 36
13 54
35 45
63 10
100 100 90
46 3
56 16
25 52
41 22
35 38
72 22
30 54
28 14
16 39
17 82
27 5
6 42
37 57
18 44
57 18
52 37
10 56
34 63
24 64
58 9
71 16
27 30
45 29
40 19
21 63
49 5
80 18
15 55
61 32
45 48
39 59
39 7
18 58
21 12
39 8
78 6
12 77
32 23
17 55
15 80
47 10
14 70
15 51
11 29
34 33
73 23
40 4
40 11
18 71
2 26
17 46
60 17
16 14
35 34
21 36
28 27
5 24
45 48
78 17
18 51
35 4
42 7
12 59
21 79
38 11
69 31
88 2
76 6
34 12
61 2
10 10
20 47
56 6
7 73
8 50
24 13
44 37
61 30
30 7
21 74
2 94
47 51
85 3
22 43
19 21
4 59
58 20
15 52
46 27
12 32
1 28
10 20
32 48
18 32
81 16
4 57
50 6
9 69
86 8
18 75
24 3 18
9 8
13 8
3 10
