147
100 100 69
56 11
19 4
95 2
4 70
34 29
78 1
15 19
28 4
19 76
16 42
22 69
57 24
95 4
14 60
4 70
19 78
85 2
91 8
19 72
39 29
62 15
54 40
19 46
18 77
45 48
55 2
56 30
43 6
63 23
59 3
46 12
68 20
13 40
43 15
33 38
23 39
2 47
1 62
37 23
82 15
38 18
45 21
79 13
84 5
31 27
11 53
74 18
14 56
9 67
17 62
11 82
54 41
20 45
9 25
51 39
44 9
40 2
30 59
84 17
29 47
22 14
74 11
6 64
79 6
75 12
6 78
29 25
68 20
9 67
64 5
68 25
6 46
55 14
47 7
13 86
39 54
18 75
40 19
12 43
29 45
78 8
7 10
4 2
52 20
43 48
49 28
22 20
80 12
64 31
34 53
27 13
47 43
3 63
58 26
52 37
95 5
56 35
20 13
20 1
6 83
24 2 8
9 8
13 8
24 3 10
9 8
13 8
3 10
24 3 6
9 8
13 8
17 8
24 1 24
9 8
68 27 14
21 47
1 67
35 11
29 11
62 6
36 4
28 12
9 3
16 10
22 23
24 34
9 30
2 58
33 10
27 38
10 36
35 2
34 8
21 36
30 5
15 40
35 19
26 16
3 61
43 26
56 7
56 12
24 2 22
9 8
13 8
24 3 24
9 8
13 8
17 8
24 3 8
9 8
13 8
17 8
24 3 4
9 8
13 8
17 8
24 3 1
9 8
13 8
17 8
100 100 46
68 4
40 59
5 36
93 7
20 22
34 4
27 19
77 15
1 14
3 32
24 71
32 29
7 30
9 33
24 77
18 82
51 5
79 13
79 10
12 7
7 48
27 50
8 4
49 12
36 60
18 29
4 74
64 7
32 61
58 33
15 34
15 5
63 37
40 4
5 56
62 22
52 31
12 66
22 76
8 56
24 75
15 86
14 1
15 42
36 22
27 19
61 39
57 21
69 10
19 63
20 68
48 37
60 2
10 80
18 70
27 50
4 24
5 72
1 40
48 26
26 40
27 49
38 51
16 72
51 7
35 1
32 11
36 51
2 31
13 23
10 28
76 13
64 10
19 41
2 78
25 38
53 37
64 29
35 40
46 19
17 70
15 18
12 19
10 22
35 39
46 20
33 29
34 63
31 48
16 10
18 59
52 38
53 15
22 53
4 22
25 21
13 51
18 15
3 85
39 34
24 3 19
9 8
13 8
17 8
62 89 8
8 14
49 9
22 41
39 5
36 4
24 1
25 1
4 3
14 41
24 4
20 10
10 12
2 44
22 10
17 14
9 9
56 6
50 12
11 10
49 2
11 2
25 10
7 31
49 7
21 7
25 37
27 10
46 13
8 34
7 27
31 19
35 13
3 40
3 28
20 17
7 14
39 22
38 23
29 21
40 18
4 26
8 2
3 59
17 38
28 34
47 6
10 41
33 18
2 24
2 14
15 10
49 5
24 3
21 42
4 25
10 15
52 11
12 44
32 5
3 36
3 30
15 47
25 25
35 4
27 1
40 21
25 11
23 18
18 43
17 17
47 6
11 17
6 57
37 8
38 4
7 26
36 1
7 34
16 33
34 9
13 12
21 8
8 38
3 4
24 19
19 37
25 10
10 3
9 29
50 66 16
13 37
17 1
18 23
16 15
21 22
4 17
34 10
5 28
10 10
24 27
12 5
23 7
3 29
4 29
7 44
45 4
8 38
19 11
25 16
9 25
26 9
23 18
33 7
21 18
29 2
27 18
31 3
8 1
7 34
50 1
9 37
33 10
20 12
7 31
11 14
5 33
16 9
12 23
1 33
21 12
8 38
11 39
10 36
4 36
22 22
5 8
46 4
1 37
5 1
15 25
23 14
28 22
21 23
9 12
6 10
35 6
8 32
3 8
6 7
10 39
7 32
13 21
3 35
15 16
2 40
18 20
24 1 6
9 8
24 1 9
9 8
41 11 29
6 36
28 14
3 32
8 2
11 16
27 2
3 9
26 7
26 15
27 7
13 3
24 1 18
9 8
100 100 50
3 52
28 64
36 50
42 15
76 19
34 32
64 22
57 41
37 34
29 72
29 35
49 27
19 53
38 50
2 59
18 3
17 77
52 8
59 30
14 61
61 2
24 18
72 28
52 42
32 68
15 44
20 53
47 4
9 55
61 23
52 45
28 8
38 47
10 91
7 59
11 75
16 45
69 28
62 9
6 80
17 48
9 37
36 5
53 13
84 4
50 18
1 56
27 50
1 8
8 22
40 37
37 38
15 32
40 51
14 25
57 8
25 53
33 4
14 3
33 14
16 27
17 76
11 86
57 33
17 80
9 30
39 50
36 37
51 41
31 46
20 3
60 12
40 30
39 9
57 26
31 68
18 74
32 3
57 13
12 73
8 35
16 56
63 19
5 37
25 39
29 64
87 13
38 15
31 45
30 56
28 3
1 44
32 6
9 42
52 12
4 20
48 11
7 6
36 34
7 43
24 3 20
9 8
13 8
17 8
24 1 10
9 8
100 1 10
1 100
91 91 35
12 38
6 18
63 5
9 48
57 12
2 66
3 34
57 25
39 32
79 9
32 31
81 6
6 17
59 10
2 19
27 26
27 41
62 21
19 2
78 7
23 17
54 38
2 32
22 67
13 23
61 16
52 22
1 53
62 27
2 69
2 31
33 49
45 6
13 75
21 56
41 49
64 23
5 60
20 69
25 4
20 21
23 13
25 44
31 41
1 32
18 53
20 9
6 77
3 44
1 17
30 36
46 11
48 24
83 2
3 43
45 31
19 60
14 38
41 31
48 14
7 37
11 13
61 12
46 25
19 28
26 25
37 14
27 31
12 51
6 85
44 12
12 37
71 3
28 23
75 13
41 8
11 52
2 41
71 20
29 9
82 10
18 50
15 14
28 28
34 16
18 16
36 35
1 25
40 4
11 20
25 31
24 2 11
9 8
13 8
100 100 25
91 10
51 14
57 27
20 13
20 14
43 3
32 61
27 59
65 8
67 14
30 28
2 40
14 79
43 48
11 87
51 25
39 21
8 23
19 56
51 3
20 33
69 15
55 22
8 69
7 46
25 12
30 68
16 21
67 19
9 55
86 6
43 52
12 74
11 38
14 60
28 71
51 3
46 21
27 41
44 23
28 25
61 20
41 49
10 14
54 22
20 62
37 51
71 13
33 46
55 28
5 68
38 8
17 82
20 63
77 2
9 11
4 19
34 29
35 3
15 53
54 20
3 70
32 41
5 23
8 50
25 60
11 23
29 54
71 3
1 12
21 61
27 41
20 30
7 41
84 12
5 1
17 38
68 21
27 54
39 17
16 41
36 27
7 31
17 28
8 4
19 33
30 40
11 79
26 57
16 84
9 55
42 32
4 20
4 21
6 50
16 9
32 41
13 84
31 69
5 6
24 3 7
9 8
13 8
17 8
36 12 6
3 5
7 24
4 6
11 7
4 4
8 2
11 8
4 16
10 19
3 20
8 15
3 4
24 1 4
9 8
100 100 50
88 7
47 15
30 70
31 7
36 3
37 23
51 10
8 39
38 23
4 33
8 12
9 54
5 63
40 35
67 11
18 9
7 39
5 49
46 42
3 22
11 77
34 50
31 60
44 6
11 57
66 29
14 13
12 12
10 78
29 7
6 34
25 42
16 3
40 4
36 2
1 80
1 67
42 35
52 19
19 14
38 18
1 4
26 45
64 4
51 7
11 67
33 62
42 17
30 56
48 28
44 43
57 7
27 11
50 20
71 29
21 4
29 8
22 11
2 86
83 12
6 10
8 33
39 17
9 23
10 70
44 6
77 22
21 16
52 29
52 3
58 42
61 8
9 25
57 3
59 22
27 21
16 40
62 37
43 24
54 47
7 87
2 86
50 6
67 10
42 32
23 33
37 51
8 89
21 59
13 43
15 50
31 42
37 7
30 28
26 8
77 24
9 44
22 28
39 3
6 26
100 100 88
40 37
11 21
59 21
49 30
15 54
19 77
67 11
2 50
54 9
24 63
5 44
23 63
3 47
46 9
19 60
19 38
15 64
64 22
4 74
71 17
23 74
30 32
34 27
24 73
38 42
59 5
66 27
20 38
49 23
24 11
14 41
72 7
11 18
51 18
36 57
46 43
58 5
86 11
78 11
31 2
76 21
9 72
28 58
72 25
73 28
17 32
77 13
54 35
1 54
3 43
33 32
28 8
13 27
1 60
16 84
72 29
70 11
26 66
15 76
8 40
44 52
43 26
5 89
3 70
8 27
42 15
63 36
47 29
24 42
12 3
66 12
13 67
9 61
20 9
31 68
5 23
86 10
27 42
64 12
23 75
19 35
67 30
64 7
87 13
44 33
27 19
90 9
54 15
51 3
89 11
11 43
67 24
75 5
10 2
24 73
6 33
35 56
58 37
12 86
13 39
24 3 3
9 8
13 8
17 8
24 2 7
9 8
13 8
24 1 19
9 8
24 3 23
9 8
13 8
17 8
24 3 18
9 8
13 8
3 10
2 1 1
2 1
24 2 23
9 8
13 8
24 1 7
9 8
19 44 15
11 3
6 4
4 1
8 2
1 3
9 3
8 5
4 1
5 6
10 7
15 4
8 7
11 6
6 7
6 7
15 2
14 6
3 9
11 7
15 1
11 8
7 12
13 7
2 10
18 1
5 12
3 6
7 4
5 10
3 7
2 11
1 19
15 2
11 6
4 5
2 7
3 2
10 10
1 2
3 14
9 7
11 5
12 5
11 5
24 3 15
9 8
13 8
17 8
24 3 1
9 8
13 8
3 10
100 100 14
49 41
42 18
17 35
64 9
24 11
19 48
28 60
5 95
24 51
16 46
10 91
37 36
38 63
55 28
34 53
15 20
40 19
20 72
57 4
62 1
32 41
14 80
42 22
63 19
34 57
54 42
13 20
49 24
32 25
6 35
16 30
55 28
36 15
56 33
30 45
41 16
39 20
7 30
73 12
47 8
5 92
25 7
69 24
62 5
58 37
55 12
37 5
8 46
20 6
14 82
36 56
45 26
56 2
63 24
13 55
72 23
70 12
25 18
46 26
42 7
19 2
64 7
27 67
5 72
19 58
75 6
5 89
10 18
34 8
32 47
17 46
87 1
46 17
16 38
61 13
73 7
42 47
10 20
71 30
63 11
11 10
24 50
19 74
55 22
92 8
40 23
44 37
15 34
70 18
15 39
9 53
55 5
12 45
35 12
10 28
25 11
19 75
64 8
58 28
76 6
24 2 3
9 8
13 8
24 3 12
9 8
13 8
3 10
24 3 18
9 8
13 8
17 8
24 2 2
9 8
13 8
24 1 17
9 8
24 3 12
9 8
13 8
17 8
24 3 10
9 8
13 8
17 8
100 100 71
12 7
48 21
44 44
47 48
19 27
48 13
39 46
51 31
38 12
6 2
40 60
54 4
28 60
83 7
6 53
37 23
10 68
24 36
65 30
62 14
18 41
88 6
47 51
19 43
86 5
8 43
46 22
10 13
52 7
62 35
34 28
64 35
30 17
11 19
50 6
43 37
9 47
17 36
14 67
48 43
30 71
47 4
9 24
61 17
44 11
4 23
9 15
20 31
2 43
25 24
12 71
60 28
7 43
28 32
21 11
39 32
49 49
50 50
43 19
74 23
18 25
49 48
25 33
23 77
19 41
55 14
41 11
55 21
10 42
34 50
2 93
87 8
16 2
40 58
93 8
40 61
46 53
54 15
59 34
61 1
19 33
13 55
9 88
24 11
67 29
24 19
68 18
18 58
35 15
55 39
84 17
72 20
5 28
50 2
4 17
4 41
88 7
23 9
12 32
73 26
71 50 55
47 12
12 32
9 17
58 1
4 22
40 27
1 39
9 10
22 16
29 5
32 24
28 44
24 3
26 35
46 17
14 19
4 25
13 22
19 4
3 46
35 37
41 25
63 2
15 57
46 4
47 20
5 41
4 62
44 9
5 50
27 6
15 8
64 6
58 6
23 25
16 43
35 12
6 17
15 25
26 35
22 12
18 21
57 9
45 25
16 37
17 2
16 13
41 10
17 25
53 4
2 1 1
1 2
24 3 7
9 8
13 8
3 10
24 3 3
9 8
13 8
3 10
24 1 14
9 8
24 2 4
9 8
13 8
24 1 23
9 8
100 100 8
28 39
63 2
89 11
44 17
43 33
55 28
24 46
11 29
13 16
12 61
30 36
10 4
78 13
67 22
28 17
26 12
69 7
30 71
38 55
20 77
33 6
28 22
82 9
1 31
20 36
57 30
4 95
77 10
43 25
68 4
1 100
34 41
20 23
4 12
53 33
3 43
5 65
19 17
51 26
53 29
23 58
14 53
23 17
72 28
76 12
10 13
45 33
30 14
11 19
30 65
20 70
23 38
14 47
32 42
88 7
35 54
56 36
75 11
3 39
77 2
68 32
13 82
32 51
16 39
22 3
62 5
9 62
49 37
92 4
4 94
29 51
17 22
47 53
22 39
30 2
27 57
38 15
81 16
41 7
67 19
27 71
64 23
25 60
40 32
19 14
9 27
44 28
23 17
19 57
90 4
40 37
22 62
29 51
65 36
71 24
6 79
38 14
87 4
25 49
14 53
24 3 24
9 8
13 8
3 10
24 1 5
9 8
24 2 24
9 8
13 8
100 100 56
18 37
13 31
6 80
29 40
78 19
8 9
47 35
11 23
32 66
25 69
28 48
57 40
27 32
27 38
37 2
12 47
58 27
11 50
85 1
18 14
56 28
1 98
75 24
52 15
28 54
12 48
4 46
57 27
39 24
80 4
56 12
92 3
13 5
70 14
40 55
68 1
56 43
82 4
90 5
59 21
52 34
65 1
21 26
28 20
5 50
30 25
37 48
41 40
37 35
54 28
14 27
12 25
52 14
28 18
23 7
56 21
71 7
76 2
43 18
15 42
34 63
31 31
45 54
21 17
35 45
5 37
64 13
17 5
19 2
12 44
18 9
75 6
11 85
17 38
13 49
3 47
6 83
17 5
9 44
11 59
2 67
9 7
2 75
6 76
21 33
1 26
76 24
21 43
70 11
6 13
31 31
28 66
56 35
48 31
5 1
68 29
79 19
25 7
1 78
60 5
24 1 15
9 8
100 1 1
1 100
2 1 1
1 1
24 2 17
9 8
13 8
24 2 18
9 8
13 8
24 1 20
9 8
24 3 2
9 8
13 8
17 8
17 65 10
4 7
1 11
10 4
9 7
4 7
8 8
7 2
3 1
3 11
14 4
10 4
4 8
6 2
5 10
12 6
15 2
4 2
1 2
4 10
10 8
14 1
2 15
8 6
3 5
11 4
13 5
1 10
5 2
5 5
16 2
3 1
1 5
8 6
6 8
14 2
3 14
2 1
3 13
2 8
4 5
1 6
13 4
8 5
7 8
5 5
7 3
2 10
2 2
1 9
4 2
8 9
7 10
11 6
5 8
7 8
10 4
3 1
4 6
8 4
14 2
3 14
4 13
2 4
1 17
4 9
24 3 5
9 8
13 8
3 10
100 100 99
57 39
8 68
1 51
16 43
69 5
45 30
47 10
3 47
54 34
32 31
34 12
47 1
3 7
40 7
18 68
34 14
52 23
2 1
4 90
22 78
7 23
1 27
62 13
33 67
18 20
44 50
60 16
83 6
63 2
12 19
36 24
20 21
39 26
31 46
14 77
22 45
36 3
2 98
14 75
71 9
59 31
27 30
32 21
53 29
37 31
16 63
44 28
34 4
14 1
23 31
65 29
1 40
50 44
56 22
19 69
14 45
35 34
8 61
4 68
35 14
5 91
24 53
23 69
1 67
39 18
6 18
73 10
38 8
32 25
72 12
21 35
5 14
15 19
17 82
33 47
92 6
1 6
74 20
22 75
11 26
43 41
1 1
9 12
95 2
33 43
67 15
22 13
62 22
28 12
18 33
12 79
42 23
5 69
96 1
22 22
55 1
15 56
43 38
44 46
64 23
100 3 32
58 37
53 37
49 13
100 100 72
12 53
34 26
6 74
3 35
34 32
36 32
15 57
34 36
3 88
32 35
52 16
22 19
82 10
70 31
54 6
48 29
38 24
71 8
1 31
11 80
82 8
17 70
18 25
10 36
31 59
61 17
42 6
10 55
16 57
38 40
19 9
40 12
45 4
21 72
47 5
41 28
43 4
43 54
12 60
82 5
19 20
20 67
37 50
66 4
40 33
70 21
3 9
15 60
11 3
2 42
27 70
10 45
4 50
6 36
19 54
45 56
44 43
5 39
37 33
52 30
37 27
34 38
17 65
32 43
32 50
12 82
2 2
36 48
14 36
33 54
12 42
52 8
82 15
65 23
43 37
23 53
16 4
54 3
51 29
41 11
26 50
72 15
71 6
14 9
78 21
24 56
37 51
32 62
77 14
13 59
29 35
68 17
42 14
3 79
61 31
36 17
16 34
31 30
14 86
26 27
24 2 6
9 8
13 8
2 1 2
1 1
24 1 1
9 8
24 1 11
9 8
24 2 9
9 8
13 8
24 1 3
9 8
44 69 28
16 28
4 30
24 8
22 1
13 32
8 18
13 24
10 10
18 25
19 20
15 1
8 7
23 22
17 28
18 25
11 8
16 2
33 1
20 19
10 9
10 5
10 21
9 33
2 13
3 16
10 3
27 18
24 1
8 23
33 7
1 28
16 5
5 1
31 5
9 7
32 9
19 20
25 18
1 8
10 27
17 16
6 8
30 9
23 15
5 28
10 1
40 4
10 8
19 19
32 2
11 5
18 4
6 36
32 1
13 13
15 29
13 4
5 1
6 39
14 4
2 14
22 16
12 16
11 32
28 15
25 2
5 40
13 5
19 12
100 100 53
72 14
13 73
70 19
6 73
2 25
39 39
12 47
61 39
34 13
19 43
51 24
36 41
10 3
81 4
66 1
13 71
40 9
11 59
52 49
53 28
25 72
10 72
87 9
41 60
43 55
29 44
21 32
17 11
6 93
16 9
2 64
84 17
35 54
51 37
48 29
78 23
12 6
8 40
29 65
26 1
13 50
5 2
25 11
61 9
32 10
54 2
62 8
44 38
20 41
59 23
15 53
52 26
62 16
83 10
26 23
46 37
53 5
68 32
9 47
74 11
33 44
36 46
49 51
76 17
28 31
98 2
47 7
17 18
49 1
23 15
41 18
83 10
64 32
17 5
50 38
7 17
15 38
43 56
83 18
8 26
5 37
45 56
11 29
75 19
6 77
7 25
4 56
12 2
51 22
64 32
1 45
1 95
11 10
21 12
6 65
15 2
29 71
40 8
2 66
29 45
24 1 21
9 8
100 100 21
35 18
52 11
49 14
42 31
16 46
2 59
21 66
17 22
11 42
5 88
71 14
24 49
37 22
10 6
24 27
42 24
2 75
57 41
8 50
93 3
21 55
8 44
75 1
79 4
32 9
39 53
34 44
75 18
75 15
66 9
31 39
8 30
44 26
91 5
54 2
15 21
14 51
56 37
26 31
19 21
22 72
26 32
9 78
20 75
15 10
28 54
4 58
14 84
4 76
36 31
57 21
46 11
25 7
19 45
4 18
13 82
52 27
45 38
76 9
83 10
2 90
41 22
67 27
20 32
16 31
8 38
46 17
2 47
41 24
43 9
63 17
28 54
73 21
81 9
51 5
50 10
29 32
28 28
25 40
51 38
23 70
28 61
16 59
52 3
21 53
2 51
71 20
16 33
54 43
20 49
46 28
51 23
36 54
50 28
77 12
18 36
6 59
62 4
29 61
15 39
24 2 14
9 8
13 8
100 100 19
41 32
32 66
47 24
28 56
3 9
1 90
60 5
67 4
42 48
82 4
10 46
13 57
7 63
30 8
32 36
18 1
60 12
72 23
13 12
36 53
70 5
40 9
59 9
62 12
62 28
89 9
21 51
40 14
96 3
12 43
18 2
55 31
66 28
6 40
19 43
63 25
30 48
54 40
2 6
9 45
10 29
20 35
53 19
28 66
11 6
29 69
66 5
58 41
27 13
7 23
68 29
8 20
49 19
27 38
75 19
77 8
4 24
82 9
53 39
69 27
26 49
54 3
5 28
7 56
59 30
4 73
1 95
24 25
42 20
84 6
89 6
63 2
7 1
67 19
38 2
91 6
43 29
17 1
1 14
19 5
1 50
1 13
23 61
63 4
45 11
22 13
22 61
24 10
74 3
47 36
47 10
9 2
74 21
8 92
62 20
35 12
29 43
14 17
34 50
20 28
24 3 9
9 8
13 8
17 8
24 2 13
9 8
13 8
24 2 20
9 8
13 8
24 3 13
9 8
13 8
3 10
24 2 10
9 8
13 8
24 2 5
9 8
13 8
24 3 22
9 8
13 8
17 8
24 3 2
9 8
13 8
3 10
24 1 12
9 8
24 3 6
9 8
13 8
3 10
100 100 16
48 8
26 50
61 33
54 41
81 6
52 5
21 6
6 83
10 30
1 52
71 6
61 14
17 34
49 12
52 15
4 33
38 22
18 56
27 65
34 11
26 35
36 20
54 38
15 5
82 17
2 97
63 26
51 6
5 42
54 32
53 30
21 40
4 10
58 40
4 87
65 22
87 8
76 18
19 36
40 55
32 1
17 58
96 1
78 18
20 71
63 11
23 12
13 85
31 30
34 29
29 18
12 46
21 1
13 69
20 67
82 11
55 28
11 45
51 47
4 87
59 8
11 76
44 6
26 46
36 35
36 16
28 33
17 61
40 9
41 45
5 83
52 3
17 30
20 75
20 28
85 16
32 57
14 79
29 60
38 9
82 2
19 30
34 66
38 52
92 3
96 4
18 67
4 79
3 91
10 31
28 7
11 68
83 16
76 10
2 83
18 26
42 27
71 28
18 56
29 71
24 2 1
9 8
13 8
24 3 17
9 8
13 8
3 10
24 3 19
9 8
13 8
3 10
100 100 34
27 25
5 4
68 4
33 57
26 75
17 39
52 11
4 72
83 15
47 1
58 7
75 23
27 13
2 25
33 45
62 21
85 14
21 22
73 3
80 15
50 42
22 56
65 3
10 80
54 35
13 85
8 47
6 1
12 26
79 1
56 45
13 40
55 9
37 62
2 82
31 69
12 45
28 29
20 7
16 71
49 26
81 10
2 99
29 37
83 12
14 5
50 40
83 18
2 33
65 25
37 34
27 63
22 42
16 80
10 25
12 57
71 3
5 32
54 34
2 91
15 37
3 57
24 6
40 60
43 57
25 25
26 5
21 55
15 76
40 7
17 43
55 1
8 83
69 25
18 5
33 64
88 5
45 14
23 77
44 16
37 8
44 29
5 48
78 6
47 19
84 17
87 3
10 46
42 16
46 24
77 21
89 4
30 55
40 13
19 76
13 10
70 28
2 37
38 28
20 52
24 3 17
9 8
13 8
17 8
22 23 6
2 5
1 9
3 11
8 13
7 1
12 6
10 12
8 14
3 12
4 2
9 11
1 15
2 2
1 2
11 7
4 5
1 6
6 11
1 16
6 17
15 5
7 1
9 10
24 3 16
9 8
13 8
3 10
24 2 19
9 8
13 8
2 1 2
2 1
24 1 16
9 8
24 2 21
9 8
13 8
24 3 13
9 8
13 8
17 8
64 88 16
9 5
31 32
7 21
3 60
17 47
9 19
17 32
47 9
11 9
54 6
29 12
40 23
8 39
1 31
26 19
5 37
9 38
25 15
12 37
26 13
13 48
27 29
7 37
13 5
4 49
9 42
12 1
3 48
1 38
23 14
37 4
15 30
3 45
17 17
1 9
11 7
9 55
8 9
30 25
9 21
24 38
7 47
12 3
3 37
17 44
39 16
10 47
10 17
20 7
27 28
37 24
58 4
2 59
18 43
2 32
14 14
4 46
12 23
11 13
4 18
10 31
16 22
24 5
45 19
4 1
56 5
11 41
50 4
17 44
22 16
23 34
46 16
18 40
14 46
12 46
5 51
37 17
10 5
15 4
17 13
13 42
6 54
4 55
58 3
6 37
2 41
12 14
34 24
24 3 15
9 8
13 8
3 10
24 3 16
9 8
13 8
17 8
24 1 13
9 8
24 2 16
9 8
13 8
24 3 8
9 8
13 8
3 10
24 3 22
9 8
13 8
3 10
24 3 11
9 8
13 8
3 10
24 1 2
9 8
100 1 100
1 100
100 100 49
2 98
2 98
2 98
2 98
2 98
2 98
2 98
2 98
2 98
2 98
2 98
2 98
2 98
2 98
2 98
2 98
2 98
2 98
2 98
2 98
2 98
2 98
2 98
2 98
2 98
2 98
2 98
2 98
2 98
2 98
2 98
2 98
2 98
2 98
2 98
2 98
2 98
2 98
2 98
2 98
2 98
2 98
2 98
2 98
2 98
2 98
2 98
2 98
2 98
2 98
2 98
2 98
2 98
2 98
2 98
2 98
2 98
2 98
2 98
2 98
2 98
2 98
2 98
2 98
2 98
2 98
2 98
2 98
2 98
2 98
2 98
2 98
2 98
2 98
2 98
2 98
2 98
2 98
2 98
2 98
2 98
2 98
2 98
2 98
2 98
2 98
2 98
2 98
2 98
2 98
2 98
2 98
2 98
2 98
2 98
2 98
2 98
2 98
2 98
2 98
24 3 4
9 8
13 8
3 10
24 1 8
9 8
24 2 15
9 8
13 8
24 2 12
9 8
13 8
100 100 8
25 66
38 38
24 70
23 67
45 35
69 4
5 31
27 6
28 23
39 26
45 36
43 37
24 60
20 57
16 27
16 7
95 6
5 93
53 16
53 12
28 42
15 52
11 35
18 67
45 34
55 27
26 26
54 23
20 30
16 9
5 21
16 67
21 59
40 36
74 13
21 16
11 58
10 69
10 78
11 78
33 42
22 20
87 14
18 71
17 81
16 43
56 38
2 19
44 18
79 13
27 49
14 4
16 7
2 78
52 30
17 55
21 8
2 32
52 20
77 21
43 10
78 4
48 21
48 3
7 7
31 53
6 11
18 66
9 43
4 14
17 39
14 60
3 59
61 29
44 37
48 6
25 21
1 2
4 16
22 9
2 8
38 30
56 9
8 18
16 24
6 81
21 33
88 4
16 35
93 1
81 15
23 20
76 9
37 59
80 2
62 26
51 12
47 25
6 64
13 68
24 3 21
9 8
13 8
17 8
24 3 5
9 8
13 8
17 8
100 100 20
43 27
17 65
40 18
51 38
25 60
78 8
28 50
4 16
31 31
34 63
56 19
13 54
16 68
22 37
30 30
34 44
70 25
48 29
5 34
15 14
10 6
11 85
6 86
53 8
34 10
26 39
57 34
11 25
30 3
57 15
39 10
13 69
2 10
51 3
39 58
53 24
6 66
6 61
50 3
70 29
47 22
50 44
9 4
8 29
66 30
43 41
16 22
22 70
39 62
45 19
15 22
25 11
61 16
41 22
6 39
29 51
39 24
61 12
53 15
13 13
43 29
44 8
33 30
59 5
45 4
1 46
15 59
37 16
41 4
43 40
7 19
15 60
13 64
59 22
75 6
47 54
72 10
52 19
27 13
86 8
66 33
12 61
10 29
22 45
21 35
40 19
58 23
18 20
2 98
10 38
1 36
35 64
7 4
94 7
10 45
6 74
13 21
24 11
20 10
27 20
24 3 9
9 8
13 8
3 10
24 3 11
9 8
13 8
17 8
24 1 22
9 8
24 3 23
9 8
13 8
3 10
24 3 20
9 8
13 8
3 10
55 27 23
6 31
12 17
28 18
39 12
51 5
3 20
3 52
16 20
19 21
20 32
7 26
46 7
12 1
27 26
16 13
7 26
39 17
33 6
23 5
11 34
7 37
22 27
40 12
36 17
2 45
12 24
39 7
29 50 11
14 2
16 5
1 4
8 15
12 4
12 11
26 1
2 26
12 1
24 3
14 13
5 23
7 16
8 8
3 27
17 8
9 14
13 15
6 21
19 1
3 5
7 23
7 12
18 10
11 1
24 1
7 16
22 6
2 26
15 2
1 18
1 22
10 20
13 7
14 10
5 16
7 2
6 3
4 19
14 6
8 17
10 6
7 19
4 7
12 5
4 6
5 17
1 10
1 1
12 18
2 1 2
1 2
51 22 34
15 32
8 12
46 4
10 1
11 41
12 29
11 11
29 8
7 38
20 20
21 26
11 2
1 47
41 1
2 40
8 31
7 5
6 10
8 40
6 26
41 4
2 21
45 54 41
4 25
31 4
16 27
11 7
31 12
11 21
12 31
2 12
16 7
3 41
12 27
10 13
36 4
28 9
12 2
36 2
35 11
5 7
5 30
19 24
33 1
35 3
27 3
12 30
25 17
29 7
8 18
11 34
7 5
23 13
33 1
26 20
1 29
4 9
29 10
23 6
3 4
23 5
3 34
4 29
24 13
14 22
21 18
8 26
7 22
25 9
23 6
15 16
15 6
23 13
10 13
23 11
33 11
11 7
24 3 14
9 8
13 8
3 10
100 100 83
41 59
13 68
35 53
13 28
8 18
6 37
2 97
6 51
53 47
88 1
49 2
25 67
33 60
2 72
64 28
49 8
3 31
26 47
19 32
44 36
47 47
64 22
29 35
48 36
52 7
60 31
9 5
2 20
23 65
17 48
30 49
56 31
27 6
43 47
31 55
45 13
21 44
51 33
25 71
33 8
59 7
1 66
16 29
62 21
46 53
5 80
5 87
5 94
41 9
20 68
9 17
8 66
91 8
90 3
25 6
14 63
14 54
47 6
10 91
49 27
34 37
32 46
68 23
54 38
74 25
7 77
9 78
41 40
4 3
46 34
16 52
2 62
35 40
7 52
54 15
20 52
47 17
16 34
84 14
23 72
5 79
83 17
4 95
21 28
37 22
31 10
23 74
51 14
36 50
8 58
42 42
32 17
75 3
10 20
38 7
22 43
10 3
72 29
25 35
87 10
1 1 1
1 1
58 72 41
17 31
2 40
8 40
42 16
21 15
41 13
32 12
19 30
2 50
1 29
19 7
6 33
23 36
10 16
24 34
23 5
13 12
5 22
3 46
16 13
23 9
12 39
20 16
16 36
11 37
1 25
1 55
11 26
29 13
12 10
39 12
16 41
30 14
22 26
38 19
24 20
4 11
24 32
5 44
23 10
13 5
24 2
18 7
12 5
11 11
35 1
14 35
19 28
44 1
12 18
8 35
4 13
16 41
3 18
17 18
21 27
2 10
27 21
25 6
29 29
31 27
8 35
4 5
35 5
11 34
56 3
10 21
55 1
19 8
21 30
42 17
13 5
31 98 8
4 27
6 11
14 10
25 7
11 16
14 15
15 2
4 19
23 2
6 9
8 10
18 7
22 5
19 5
2 6
5 6
3 1
14 6
3 24
2 22
20 12
5 22
8 6
28 1
7 9
10 16
3 10
8 10
10 8
12 9
9 9
13 5
9 12
13 16
6 2
2 1
29 3
3 28
12 19
12 17
13 16
15 3
11 14
22 10
6 7
9 9
15 13
8 1
14 4
4 14
1 24
15 8
11 16
19 5
2 3
17 14
8 13
15 1
11 1
2 8
3 24
16 2
4 26
7 22
5 16
4 6
5 1
17 3
18 12
25 2
12 16
14 15
17 4
2 22
4 4
25 7
6 25
13 17
5 3
13 6
17 1
7 14
23 6
20 6
3 12
23 6
20 5
6 23
11 15
23 2
15 9
8 4
21 7
3 26
8 6
24 7
8 7
1 15
24 3 21
9 8
13 8
3 10
24 3 14
9 8
13 8
17 8
98 90 37
1 14
30 42
13 37
24 37
17 18
9 6
21 8
90 8
14 81
37 43
27 61
1 73
23 46
3 9
58 29
25 27
53 22
1 44
18 76
36 54
8 28
60 21
47 40
1 79
14 48
5 69
74 4
43 41
50 24
54 3
33 19
88 1
74 5
55 14
23 10
32 32
62 25
23 71
58 23
46 20
16 14
81 17
8 25
51 23
29 6
2 23
60 21
28 51
48 36
15 49
21 46
51 4
52 24
18 34
2 68
25 38
8 45
19 73
9 80
13 44
15 78
36 63
80 13
46 39
14 71
63 5
54 7
50 29
20 17
60 17
12 26
39 15
49 37
37 26
15 40
63 25
72 15
3 91
40 3
58 23
1 70
16 67
22 61
11 28
5 47
40 32
8 36
18 76
18 30
67 29
