100
3 2
2 2 418
2 2 956
1 2 259
8 4
2 3 72
2 1 590
1 2 784
1 4 407
1 3 765
2 4 8
1 2 979
4 3 843
8 8
8 4 711
7 1 996
5 2 468
6 1 953
3 8 477
3 2 583
4 8 47
6 4 701
7 2
2 1 902
2 1 17
2 1 262
1 2 738
2 1 591
1 1 465
2 1 227
2 7
7 7 749
6 5 635
7 7
6 4 90
6 6 309
5 5 289
4 4 810
6 6 162
5 6 659
4 5 249
8 7
1 5 584
6 3 191
6 5 91
6 1 946
7 6 93
7 6 566
1 1 242
2 3 352
6 4
4 4 577
4 3 104
2 2 417
2 1 776
2 1 848
1 2 550
8 6
4 5 189
5 6 673
6 6 971
6 6 394
6 4 423
6 4 327
5 4 923
4 5 917
8 8
1 8 8
1 7 7
1 1 1
1 5 5
1 3 3
1 4 4
1 2 2
1 6 6
3 1
1 1 938
1 1 281
1 1 103
2 4
1 1 892
4 3 250
6 2
1 2 630
2 2 946
2 2 48
1 1 194
2 2 635
1 1 223
1 2
2 2 1000
8 1
1 1 801
1 1 530
1 1 86
1 1 726
1 1 601
1 1 299
1 1 367
1 1 764
6 7
5 6 617
6 6 664
4 6 568
4 5 840
6 4 37
6 5 652
3 3
3 3 1000
3 3 1000
3 3 1000
1 3
1 3 9
5 7
6 6 921
4 4 355
4 4 103
6 6 650
4 4 756
3 8
4 4 980
1 7 905
7 6 165
2 1
1 1 989
1 1 548
8 8
2 5 879
4 8 847
6 6 806
6 7 432
4 8 961
2 5 546
3 5 247
1 5 825
6 2
2 1 432
2 1 23
1 2 58
1 2 525
1 2 852
1 1 29
5 7
3 5 460
7 2 591
5 6 807
1 4 449
5 5 894
6 3
3 3 1000
3 3 1000
3 3 1000
3 3 1000
3 3 1000
3 3 1000
2 7
2 5 114
5 2 899
8 4
4 4 1000
4 4 1000
4 4 1000
4 4 1000
4 4 1000
4 4 1000
4 4 1000
4 4 1000
8 8
1 4 4
1 3 3
1 7 7
8 8 1000
1 1 1
1 6 6
1 2 2
1 5 5
8 8
7 5 157
6 6 454
6 8 437
7 6 730
8 5 235
6 6 130
5 5 854
7 6 821
4 5
1 5 165
4 3 543
4 4 828
3 4 330
7 5
5 1 313
5 4 258
2 1 646
4 4 917
3 1 408
2 1 878
2 4 475
8 8
1 7 994
1 3 998
1 5 996
1 1 1000
1 6 995
1 8 993
1 4 997
1 2 999
8 8
6 4 188
4 5 828
8 3 124
4 1 57
1 1 677
1 2 391
4 3 331
4 5 795
4 8
2 6 581
3 6 470
3 6 36
6 4 113
8 5
4 3 172
4 4 318
4 4 319
4 3 849
4 3 873
3 3 453
3 4 20
4 3 572
1 2
2 1 269
3 7
4 2 611
6 4 35
5 2 170
1 3
3 1 397
7 6
1 6 540
3 4 686
3 1 687
5 1 490
5 5 234
2 2 156
6 1 984
5 6
6 6 1000
6 6 1000
6 6 1000
6 6 1000
6 6 1000
5 3
3 3 518
3 3 928
1 2 641
1 2 464
1 1 424
3 5
5 2 680
3 3 582
1 5 857
3 4
1 2 107
3 2 621
1 4 233
5 2
1 1 856
1 2 688
1 2 730
2 1 101
1 2 269
5 4
2 1 771
2 2 138
3 3 697
1 3 38
3 1 349
5 6
2 5 676
1 5 104
3 4 326
6 1 502
4 3 6
1 4
4 2 380
7 8
5 7 699
7 5 64
5 8 538
6 6 5
5 7 517
7 8 172
5 5 603
8 4
4 4 100
4 4 470
4 4 999
4 4 133
4 4 200
4 4 806
4 4 659
4 4 763
1 1
1 1 1
5 2
2 1 394
1 1 444
2 1 515
2 1 561
2 2 819
2 2
1 2 95
2 2 760
4 3
3 2 23
1 2 123
3 2 849
2 2 559
5 4
4 4 1000
4 4 1000
4 4 1000
4 4 1000
4 4 1000
4 2
1 2 55
1 1 149
2 1 315
2 2 710
7 8
8 5 583
8 7 418
7 5 655
6 8 370
8 6 448
8 5 547
5 8 336
1 1
1 1 1000
4 5
2 1 351
3 3 388
1 5 226
2 4 753
3 1
1 1 510
1 1 248
1 1 566
2 8
5 1 85
6 2 11
1 1
1 1 123
6 2
2 2 69
2 1 963
1 2 98
1 2 512
1 2 241
1 1 7
2 6
6 2 221
4 1 791
6 5
4 2 432
4 5 567
3 4 206
1 4 765
4 2 907
3 1 144
5 1
1 1 1000
1 1 1000
1 1 1000
1 1 1000
1 1 1000
5 3
3 1 244
3 1 45
1 2 716
3 2 278
2 2 85
5 5
1 1 23
5 2 304
2 3 396
2 2 90
1 1 20
4 5
1 4 939
5 3 741
5 2 278
1 1 60
8 5
1 5 771
3 5 865
3 1 645
3 5 598
1 1 798
1 1 763
2 1 390
5 1 490
7 8
4 1 374
6 7 474
8 2 78
4 6 224
1 4 969
7 6 453
7 2 967
2 3
1 3 64
3 1 365
5 1
1 1 625
1 1 916
1 1 750
1 1 904
1 1 934
5 5
3 4 767
1 3 861
3 2 912
4 2 599
3 1 164
7 5
2 3 414
2 5 430
3 3 175
1 4 42
5 5 792
2 2 863
4 2 681
6 3
2 2 608
2 3 37
1 1 535
3 1 562
2 3 803
3 1 507
7 5
5 1 141
4 4 898
1 5 432
4 4 393
1 2 48
4 4 173
4 4 216
5 4
1 2 676
2 3 95
1 2 458
3 3 763
2 4 658
3 5
5 2 23
5 1 685
2 4 801
7 4
4 2 533
3 2 972
4 4 129
2 2 529
2 4 404
2 3 90
3 3 849
7 7
3 3 737
6 5 758
6 2 590
5 7 312
2 4 951
5 1 114
7 7 578
3 2
2 2 1000
2 2 1000
2 2 1000
8 2
2 2 771
2 2 478
2 1 606
1 1 991
2 1 593
2 1 566
2 2 442
1 2 968
2 4
1 1 68
4 1 247
7 7
6 6 783
6 5 190
5 6 101
6 6 501
4 6 467
6 6 531
4 4 247
6 7
4 2 537
6 5 714
7 1 253
5 7 300
3 6 217
5 7 113
8 8
8 1 1000
8 1 1000
8 1 1000
8 1 1000
8 1 1000
8 1 1000
8 1 1000
8 1 1000
6 5
5 5 1000
5 5 1000
5 5 1000
5 5 1000
5 5 1000
5 5 1000
6 8
6 7 48
6 5 413
7 7 135
8 8 780
7 5 530
8 8 488
2 2
2 1 12
2 1 279
8 8
1 8 1000
1 8 1000
1 8 1000
1 8 1000
1 8 1000
1 8 1000
1 8 1000
1 8 1000
1 1
1 1 475
8 3
1 3 978
3 3 522
1 1 213
3 3 359
2 2 217
2 1 276
1 3 25
2 3 842
8 8
8 8 1000
8 8 1000
8 8 1000
8 8 1000
8 8 1000
8 8 1000
8 8 1000
8 8 1000
8 3
1 2 897
3 2 141
2 1 879
2 1 842
3 1 936
1 1 893
2 1 502
3 2 543
7 6
1 2 899
2 2 991
4 2 137
6 2 444
6 3 113
1 2 432
3 2 208
8 7
2 6 741
6 6 473
7 6 503
5 6 837
6 6 524
6 6 753
1 6 299
1 6 343
6 3
1 2 89
3 3 733
1 2 289
3 1 601
2 2 43
3 1 269
1 2
2 1 748
4 6
3 2 973
5 4 258
3 1 366
4 4 66
4 3
1 1 791
3 1 760
1 1 412
3 3 942
