100
5 7
6 5 53
4 4 826
4 4 381
6 6 485
5 4 528
2 1
1 1 389
1 1 985
8 8
1 2 999
1 7 994
1 1 1000
1 6 995
1 5 996
1 4 997
1 8 993
1 3 998
3 6
1 3 996
4 2 446
4 1 102
7 6
5 2 794
5 1 73
2 1 462
5 3 371
5 5 277
1 6 958
4 5 784
2 7
1 6 954
3 2 461
3 7
3 7 462
1 4 938
2 6 116
6 8
5 6 376
5 6 579
7 6 908
8 5 115
6 7 802
7 6 902
6 1
1 1 1000
1 1 1000
1 1 1000
1 1 1000
1 1 1000
1 1 1000
8 8
1 8 1000
1 8 1000
1 8 1000
1 8 1000
1 8 1000
1 8 1000
1 8 1000
1 8 1000
5 4
2 3 196
1 4 614
3 1 200
4 1 924
2 1 876
1 2
1 1 94
8 7
6 4 902
6 6 205
6 4 904
6 4 52
5 5 378
6 6 218
4 4 797
6 5 115
7 3
3 3 1000
3 3 1000
3 3 1000
3 3 1000
3 3 1000
3 3 1000
3 3 1000
6 5
5 1 201
2 3 956
5 5 879
3 2 936
1 5 614
2 5 210
8 5
5 2 154
2 2 849
5 4 625
3 2 849
4 3 503
3 3 750
4 2 948
4 4 546
5 5
4 4 803
4 4 492
3 3 793
3 3 305
4 3 607
6 4
1 4 958
4 3 136
2 3 196
3 4 972
4 1 848
2 1 631
2 8
2 6 415
6 1 959
8 8
1 4 4
1 6 6
1 5 5
1 3 3
1 8 8
1 2 2
1 7 7
1 1 1
7 7
5 4 610
6 5 341
6 6 522
4 4 982
5 4 958
5 5 230
4 6 111
5 8
4 7 834
7 7 788
2 5 848
6 2 319
8 6 33
2 4
4 4 1000
4 4 1000
4 4
1 1 520
3 1 652
1 3 165
1 4 933
5 4
2 3 156
3 3 589
4 4 353
3 3 389
2 1 10
6 6
6 6 1000
6 6 1000
6 6 1000
6 6 1000
6 6 1000
6 6 1000
8 2
1 2 161
1 1 318
1 1 990
2 1 863
1 2 599
2 2 883
2 1 480
1 2 462
1 6
2 1 998
4 1
1 1 833
1 1 771
1 1 867
1 1 529
6 1
1 1 704
1 1 884
1 1 543
1 1 720
1 1 501
1 1 146
1 4
1 4 322
8 6
5 5 102
5 1 197
5 5 910
6 2 366
2 1 596
2 5 121
3 1 198
5 5 699
8 4
4 4 567
4 4 364
4 4 974
4 4 393
4 4 453
4 4 492
4 4 535
4 4 971
8 7
2 6 133
6 3 415
7 6 149
7 5 952
3 5 123
7 5 435
1 3 747
3 7 496
7 8
4 3 293
6 2 407
3 1 560
3 3 746
8 3 192
3 8 577
5 5 663
6 5
4 4 211
3 3 968
4 4 789
4 4 993
3 4 56
3 3 337
6 2
2 2 796
1 2 533
2 2 255
2 2 207
1 1 572
1 2 823
7 4
1 3 499
1 2 399
3 2 478
4 1 686
3 1 668
3 2 914
2 4 977
3 4
4 4 1000
4 4 1000
4 4 1000
1 5
5 5 1000
8 6
1 2 673
3 4 840
4 1 462
6 2 698
4 2 185
3 3 794
4 5 274
2 2 235
8 1
1 1 156
1 1 650
1 1 67
1 1 176
1 1 568
1 1 611
1 1 516
1 1 940
2 4
2 3 408
3 4 260
7 1
1 1 810
1 1 757
1 1 281
1 1 648
1 1 991
1 1 475
1 1 381
8 8
8 8 1000
8 8 1000
8 8 1000
8 8 1000
8 8 1000
8 8 1000
8 8 1000
8 8 1000
4 5
5 5 1000
5 5 1000
5 5 1000
5 5 1000
7 4
2 2 842
1 4 95
2 2 646
3 2 825
1 4 83
1 2 760
1 4 86
7 6
4 2 479
3 3 365
6 1 745
3 4 810
6 5 803
3 2 576
2 1 405
5 3
3 2 656
3 2 863
3 1 290
2 1 642
2 3 654
2 7
3 4 226
3 5 872
3 8
7 3 81
1 3 654
5 6 299
3 8
4 6 735
4 1 906
4 2 26
8 6
4 4 35
5 3 660
6 1 276
3 4 983
1 3 800
2 2 88
2 3 618
4 6 897
2 8
5 3 24
5 5 802
2 6
2 4 8
5 5 610
7 3
1 1 399
2 2 920
2 3 529
2 3 856
2 3 969
2 1 394
1 3 308
2 1
1 1 396
1 1 114
4 2
1 2 9
2 2 784
2 1 736
1 1 990
5 5
2 4 8
2 4 675
5 1 319
1 5 554
1 4 180
4 3
2 1 42
3 3 612
1 3 832
2 3 320
8 7
2 4 820
7 5 44
2 4 411
6 2 330
6 7 241
6 3 642
5 3 681
1 5 383
4 8
5 1 301
1 5 667
1 8 934
7 3 586
8 1
1 1 252
1 1 157
1 1 9
1 1 983
1 1 833
1 1 325
1 1 750
1 1 443
7 3
3 3 426
3 1 484
3 3 579
1 3 895
2 3 858
2 2 257
2 2 261
2 4
1 2 442
3 2 325
8 8
8 1 1000
8 1 1000
8 1 1000
8 1 1000
8 1 1000
8 1 1000
8 1 1000
8 1 1000
8 7
3 7 653
2 7 365
5 5 830
5 1 461
1 2 984
5 6 512
1 1 720
3 5 803
1 1
1 1 1
4 2
2 1 470
1 2 208
1 2 696
2 2 481
3 8
7 1 636
4 2 747
2 7 34
4 2
2 1 740
2 1 671
2 2 49
1 1 710
7 2
1 1 407
2 2 920
2 1 662
1 1 178
1 2 567
2 2 60
2 2 988
7 5
3 3 906
4 4 691
4 3 466
4 4 161
3 4 166
3 4 308
3 4 293
4 7
7 3 429
5 1 394
6 6 213
6 1 484
3 7
6 6 972
1 5 164
1 3 654
7 5
4 5 407
4 5 222
4 5 834
2 3 721
1 4 456
3 3 820
5 1 639
8 7
5 7 380
5 3 626
1 5 105
3 5 106
3 2 326
7 6 877
5 7 788
4 1 963
7 5
3 3 975
4 3 451
4 4 545
3 4 648
3 4 81
4 4 586
4 3 311
7 8
8 8 1000
8 8 1000
8 8 1000
8 8 1000
8 8 1000
8 8 1000
8 8 1000
7 5
3 4 78
4 3 899
4 3 659
3 4 357
4 3 507
4 4 1000
3 3 815
1 3
3 1 979
2 7
4 5 327
6 1 297
5 4
3 1 584
2 1 173
3 3 906
2 3 759
4 4 585
2 6
6 6 496
2 5 75
4 3
3 2 680
1 2 37
2 1 931
2 1 891
1 7
3 3 143
1 5
4 5 663
5 5
4 5 898
2 3 963
2 3 344
4 4 482
5 1 828
8 8
8 8 1000
8 8 1000
8 8 1000
8 8 1000
8 8 1000
8 8 1000
8 8 1000
8 8 1000
3 6
2 4 991
1 6 282
2 4 989
8 8
1 1 1
1 2 2
1 5 5
8 8 1000
1 3 3
1 4 4
1 6 6
1 7 7
6 4
3 3 503
2 2 447
3 2 970
2 4 379
2 3 610
2 4 857
8 2
2 2 295
2 1 809
1 2 143
1 2 37
2 2 818
2 1 682
1 1 495
1 2 186
3 1
1 1 34
1 1 118
1 1 963
6 3
1 3 798
2 1 113
3 3 187
3 1 722
1 3 371
3 2 652
4 2
2 1 839
1 1 311
1 2 420
2 2 351
4 3
3 3 1000
3 3 1000
3 3 1000
3 3 1000
3 6
2 5 877
5 5 616
6 2 501
7 7
5 5 566
4 4 533
6 5 106
5 4 452
4 6 793
6 4 219
5 6 955
4 7
1 4 843
3 4 484
1 4 476
3 6 161
