100
1 4
2 2 466
3 8
3 4 245
2 4 602
7 4 538
3 7
1 3 50
6 7 789
4 1 254
6 5
3 3 49
4 4 527
3 3 941
4 4 347
3 4 392
3 4 445
8 8
1 8 1000
1 8 1000
1 8 1000
1 8 1000
1 8 1000
1 8 1000
1 8 1000
1 8 1000
7 6
6 6 1000
6 6 1000
6 6 1000
6 6 1000
6 6 1000
6 6 1000
6 6 1000
8 6
6 6 1000
6 6 1000
6 6 1000
6 6 1000
6 6 1000
6 6 1000
6 6 1000
6 6 1000
4 3
1 3 135
3 1 480
1 3 908
3 1 157
7 5
2 4 160
2 1 360
3 2 45
1 5 842
4 4 59
1 1 319
5 3 291
8 6
4 6 841
6 6 186
6 4 212
5 5 944
4 5 906
6 4 610
6 4 959
4 5 448
7 1
1 1 95
1 1 493
1 1 789
1 1 213
1 1 737
1 1 244
1 1 298
1 8
2 3 696
6 8
6 5 945
3 6 809
4 3 613
6 5 519
2 1 184
7 3 347
2 1
1 1 212
1 1 247
7 2
1 1 195
2 2 768
1 2 27
1 2 964
2 2 881
1 1 920
1 2 218
5 1
1 1 1000
1 1 1000
1 1 1000
1 1 1000
1 1 1000
5 1
1 1 882
1 1 963
1 1 874
1 1 983
1 1 832
6 6
5 3 866
2 2 846
3 2 264
3 1 256
2 3 146
4 2 708
3 2
1 1 587
1 1 810
1 1 760
6 5
5 5 1000
5 5 1000
5 5 1000
5 5 1000
5 5 1000
5 5 1000
6 2
2 1 609
2 1 973
2 1 357
1 2 283
2 2 287
2 1 823
2 2
2 1 305
2 1 170
2 3
1 1 373
1 2 517
3 3
2 3 588
3 1 623
2 1 449
6 8
4 5 769
2 3 658
8 8 844
7 6 518
5 7 901
1 3 97
4 3
1 2 840
2 1 636
2 2 356
1 2 577
2 5
5 5 456
4 1 440
7 2
2 1 79
1 1 717
1 1 245
1 2 602
2 1 673
1 2 326
1 2 280
8 8
8 8 1000
8 8 1000
8 8 1000
8 8 1000
8 8 1000
8 8 1000
8 8 1000
8 8 1000
8 7
5 6 494
5 4 278
4 5 476
4 5 747
5 4 503
4 5 637
4 4 182
5 6 673
8 6
5 6 930
6 4 118
4 4 582
6 5 452
6 5 352
4 4 486
6 4 61
4 5 231
6 1
1 1 834
1 1 253
1 1 416
1 1 291
1 1 652
1 1 432
3 2
2 2 117
1 2 138
1 2 384
6 2
2 1 379
2 2 860
1 1 993
1 1 852
1 2 955
1 2 438
7 6
4 5 756
5 5 239
6 6 611
4 5 154
6 5 54
6 5 413
6 6 256
6 7
3 4 709
7 5 953
6 3 60
4 7 799
1 4 378
2 3 955
5 6
5 5 342
5 5 344
5 2 676
6 2 188
6 5 765
3 1
1 1 1000
1 1 1000
1 1 1000
8 8
8 1 1000
8 1 1000
8 1 1000
8 1 1000
8 1 1000
8 1 1000
8 1 1000
8 1 1000
7 6
6 6 1000
6 6 1000
6 6 1000
6 6 1000
6 6 1000
6 6 1000
6 6 1000
8 5
3 4 502
3 3 985
3 3 832
4 3 184
4 3 235
4 3 159
4 3 78
3 3 544
6 2
1 1 11
2 1 890
2 2 221
2 1 523
2 1 120
2 1 746
8 4
4 4 320
4 4 213
4 4 809
4 4 926
4 4 749
4 4 177
4 4 174
4 4 270
1 4
3 4 571
1 1
1 1 956
8 8
1 1 1
8 8 1000
1 2 2
1 4 4
1 7 7
1 3 3
1 5 5
1 6 6
1 1
1 1 1
2 5
4 5 615
3 5 26
6 2
2 1 442
2 2 979
1 2 718
1 1 95
1 1 817
2 1 627
8 8
1 1 1
1 2 2
1 3 3
1 5 5
1 8 8
1 4 4
1 6 6
1 7 7
3 4
2 2 328
2 4 55
4 2 723
7 7
5 5 595
3 7 728
2 7 718
6 5 686
1 4 649
6 5 884
7 3 54
2 4
4 4 1000
4 4 1000
3 5
5 4 333
5 3 806
2 2 461
4 6
3 1 287
6 1 550
2 4 760
6 4 515
8 3
2 1 923
2 2 278
2 2 37
2 3 359
3 1 150
1 1 859
2 1 966
3 3 966
2 5
3 2 642
3 3 591
6 6
4 1 770
4 1 357
4 4 759
1 5 96
3 6 687
5 2 423
7 8
8 8 1000
8 8 1000
8 8 1000
8 8 1000
8 8 1000
8 8 1000
8 8 1000
8 7
4 6 330
4 5 641
6 4 335
5 4 936
5 4 789
5 5 570
6 6 914
4 6 894
7 8
5 7 462
8 7 842
5 5 679
8 6 534
8 6 112
7 5 381
8 6 900
4 8
6 7 824
4 5 515
2 2 403
7 6 717
2 8
5 6 942
8 1 218
3 8
8 2 936
5 2 535
2 1 643
8 7
1 6 201
3 6 544
4 2 387
1 6 514
1 1 592
5 5 344
1 3 282
4 3 462
6 6
4 5 707
5 5 905
6 6 787
4 5 882
6 5 591
4 6 298
8 4
1 4 813
4 3 186
3 3 994
2 3 645
1 1 469
4 4 223
3 3 971
4 2 901
7 4
2 3 504
1 1 984
3 1 464
2 3 671
4 2 837
4 3 47
3 1 7
7 1
1 1 395
1 1 537
1 1 443
1 1 520
1 1 758
1 1 486
1 1 37
8 4
1 1 27
4 1 738
3 2 449
4 3 950
3 3 63
1 1 422
3 4 920
3 2 112
2 7
2 7 71
5 7 518
8 3
3 3 482
1 2 983
3 1 58
3 3 457
2 2 166
2 2 536
3 1 618
1 2 443
2 7
2 4 577
4 3 41
8 8
1 1 1000
1 7 994
1 4 997
1 8 993
1 5 996
1 6 995
1 3 998
1 2 999
7 7
6 1 876
5 5 658
4 2 452
3 2 357
3 4 697
7 5 343
6 4 932
1 2
1 2 222
1 6
1 4 397
6 4
2 3 913
3 3 365
1 2 368
1 2 332
3 2 288
1 3 742
8 1
1 1 676
1 1 342
1 1 299
1 1 760
1 1 598
1 1 908
1 1 441
1 1 909
8 7
4 2 963
5 4 60
4 4 402
5 6 810
6 5 90
2 4 268
1 1 369
6 3 916
7 4
3 1 775
2 1 531
4 4 455
1 4 832
3 3 522
4 1 731
2 2 438
6 4
1 1 831
3 1 282
2 2 761
1 3 628
4 3 20
4 3 962
2 7
6 7 432
3 3 454
6 5
5 5 269
1 4 80
2 1 434
2 5 476
2 2 320
5 4 247
5 3
3 3 288
3 3 881
1 1 505
2 2 381
2 1 206
5 3
1 2 995
2 2 448
2 1 426
2 1 563
1 1 948
2 2
2 2 1000
2 2 1000
7 7
3 7 768
3 1 876
6 5 866
6 5 793
1 4 438
3 7 979
6 6 533
5 5
4 4 620
4 4 878
3 5 478
5 4 103
3 2 659
7 7
3 6 971
3 4 829
5 3 21
1 2 447
7 2 141
5 6 672
5 7 930
2 1
1 1 538
1 1 424
3 3
2 2 382
2 1 483
1 3 675
4 5
1 1 556
3 3 965
5 2 276
2 4 541
5 4
4 3 770
4 3 476
2 1 993
4 3 798
3 2 297
8 5
4 3 95
3 3 427
4 4 257
4 4 149
3 4 179
4 3 922
3 4 905
4 4 420
2 5
5 2 352
1 4 901
1 1
1 1 601
5 7
4 2 259
6 4 596
4 7 383
7 5 735
7 7 864
1 5
5 5 1000
3 5
5 4 197
1 1 403
2 1 395
