100
1 8
5 3 808
8 1
1 1 569
1 1 808
1 1 804
1 1 34
1 1 389
1 1 970
1 1 483
1 1 830
3 6
3 4 710
1 6 435
2 6 875
6 6
5 3 884
4 3 833
4 3 227
1 1 36
5 2 963
3 1 30
8 8
3 6 62
5 2 199
7 4 365
3 7 50
6 7 165
1 8 810
4 6 682
3 1 442
8 3
3 1 356
2 1 968
3 2 559
2 2 677
2 1 461
1 2 697
3 2 645
1 2 575
6 6
4 5 210
6 4 599
5 6 170
6 5 714
6 6 642
6 5 47
2 8
8 1 129
5 4 236
5 1
1 1 20
1 1 453
1 1 914
1 1 660
1 1 14
2 5
3 3 468
1 1 793
7 6
5 1 651
6 6 336
4 6 426
6 6 971
3 1 476
6 4 93
2 6 347
4 8
1 6 349
8 1 941
7 7 603
5 5 937
8 1
1 1 973
1 1 111
1 1 652
1 1 844
1 1 128
1 1 519
1 1 809
1 1 444
3 2
1 2 223
1 1 293
2 1 371
6 8
6 6 712
6 5 401
7 5 669
7 7 171
6 5 952
6 6 995
8 4
4 4 921
4 4 570
4 4 307
4 4 737
4 4 779
4 4 95
4 4 893
4 4 343
6 1
1 1 1000
1 1 1000
1 1 1000
1 1 1000
1 1 1000
1 1 1000
7 6
2 1 241
3 6 931
4 1 334
1 1 448
2 4 732
1 3 395
3 3 568
7 1
1 1 723
1 1 542
1 1 897
1 1 146
1 1 768
1 1 878
1 1 785
2 7
7 7 1000
7 7 1000
1 8
8 8 1000
7 6
1 4 76
5 5 780
4 1 396
6 4 524
6 2 464
5 6 826
6 4 107
3 6
3 1 367
1 3 592
3 1 315
8 6
3 4 277
1 1 983
1 1 517
2 6 971
2 3 822
5 1 664
3 3 14
2 5 547
3 4
2 3 662
2 1 178
1 2 838
6 4
3 3 591
2 3 483
2 2 399
4 2 131
3 4 276
2 2 626
7 1
1 1 753
1 1 397
1 1 272
1 1 877
1 1 855
1 1 532
1 1 205
7 5
4 4 763
4 3 422
3 4 576
4 4 115
3 3 955
3 4 704
3 4 114
4 6
2 4 308
2 1 947
1 6 724
6 5 231
3 3
3 2 580
1 1 114
3 3 768
5 3
3 1 421
3 2 801
2 2 193
2 1 684
1 2 276
6 7
6 6 932
2 6 263
1 1 469
6 5 142
5 1 239
7 5 379
8 5
3 4 642
4 4 808
4 4 279
3 3 443
3 4 923
4 3 14
3 4 437
4 4 451
6 3
2 3 980
1 3 9
1 1 952
3 3 485
3 2 225
1 1 392
6 3
1 1 353
2 3 884
3 1 429
1 2 936
1 1 795
1 2 773
4 6
4 6 320
6 2 976
5 2 370
2 1 440
3 3
3 3 1000
3 3 1000
3 3 1000
3 5
1 4 922
2 1 853
2 2 295
2 6
2 3 905
2 4 641
6 8
7 7 435
8 8 697
8 8 146
8 8 892
8 6 568
7 7 901
8 6
4 4 853
6 5 759
5 4 149
6 6 422
4 6 403
4 6 376
4 6 544
6 6 844
7 5
2 3 497
4 3 55
4 4 152
5 3 980
4 2 640
5 5 47
3 4 51
8 6
6 5 56
6 2 496
5 4 865
3 3 576
4 4 698
1 5 67
1 5 634
1 6 67
8 1
1 1 156
1 1 81
1 1 170
1 1 151
1 1 287
1 1 152
1 1 819
1 1 644
3 7
1 4 782
7 4 82
5 3 905
8 4
2 1 208
3 3 294
2 1 889
3 3 148
1 3 549
4 2 616
2 4 115
3 4 954
3 7
1 4 433
2 4 559
6 7 77
5 7
4 5 71
4 6 483
5 4 574
5 5 741
5 5 901
5 1
1 1 100
1 1 819
1 1 212
1 1 229
1 1 376
2 3
2 3 118
1 2 943
8 8
1 4 4
1 8 8
1 3 3
1 7 7
1 1 1
1 2 2
1 5 5
1 6 6
8 1
1 1 1000
1 1 1000
1 1 1000
1 1 1000
1 1 1000
1 1 1000
1 1 1000
1 1 1000
3 3
3 3 1000
3 3 1000
3 3 1000
8 8
3 2 866
5 2 594
2 5 685
3 6 356
3 2 628
4 5 379
6 2 672
6 5 569
1 7
2 6 831
1 4
2 1 296
6 5
4 3 262
4 4 407
4 4 819
4 3 120
4 4 406
3 4 408
3 7
7 1 990
2 1 965
3 7 128
1 5
5 5 1000
5 5
3 3 910
4 3 187
3 4 82
4 3 604
3 3 896
5 8
5 1 981
4 4 239
8 6 33
3 4 56
6 1 216
8 3
3 3 1000
3 3 1000
3 3 1000
3 3 1000
3 3 1000
3 3 1000
3 3 1000
3 3 1000
7 5
1 5 424
5 4 261
4 5 692
3 5 838
1 2 851
2 3 280
2 3 507
5 3
1 2 66
2 2 267
1 3 234
1 2 138
2 2 242
2 2
2 1 470
2 1 90
7 4
2 3 156
1 4 616
2 1 697
1 3 269
3 3 63
3 3 495
1 2 277
3 6
3 3 37
6 3 5
4 1 637
7 6
3 2 878
6 4 676
1 4 636
3 5 749
6 2 632
3 3 516
3 3 280
6 1
1 1 803
1 1 551
1 1 210
1 1 146
1 1 429
1 1 794
5 4
4 4 203
1 2 843
1 2 406
1 3 12
2 4 826
8 8
1 8 1000
1 8 1000
1 8 1000
1 8 1000
1 8 1000
1 8 1000
1 8 1000
1 8 1000
8 8
1 6 995
1 4 997
1 3 998
1 1 1000
1 2 999
1 8 993
1 7 994
1 5 996
4 1
1 1 139
1 1 534
1 1 881
1 1 677
5 8
8 5 63
6 8 677
7 8 954
2 7 166
5 1 874
6 3
1 2 920
3 2 759
3 1 847
2 1 811
2 3 605
2 2 825
4 8
8 5 705
8 6 160
2 5 617
4 2 151
4 7
2 6 806
4 1 30
6 2 881
6 4 955
1 1
1 1 1
5 1
1 1 1000
1 1 1000
1 1 1000
1 1 1000
1 1 1000
1 3
1 3 850
5 7
4 5 797
7 5 70
7 5 213
2 5 854
4 5 444
8 8
1 7 7
1 5 5
1 1 1
1 4 4
1 2 2
1 6 6
8 8 1000
1 3 3
5 7
7 7 494
7 4 877
5 5 121
7 4 426
2 2 455
4 8
7 1 746
6 3 161
7 2 409
8 5 807
1 8
6 7 507
2 2
2 1 958
1 2 353
8 8
8 8 1000
8 8 1000
8 8 1000
8 8 1000
8 8 1000
8 8 1000
8 8 1000
8 8 1000
2 8
8 4 157
5 8 846
8 5
4 4 209
1 2 142
2 2 31
2 5 277
2 3 627
3 3 197
5 2 780
1 2 437
6 8
4 4 659
5 8 892
1 4 58
4 2 427
2 2 628
3 2 991
6 6
4 6 719
6 6 339
4 6 142
5 4 823
6 4 603
6 5 992
2 4
4 4 1000
4 4 1000
8 8
8 1 1000
8 1 1000
8 1 1000
8 1 1000
8 1 1000
8 1 1000
8 1 1000
8 1 1000
1 8
2 2 886
4 5
5 4 737
2 5 270
2 2 795
3 5 273
5 6
6 4 954
6 2 530
2 1 578
4 3 75
4 4 45
3 1
1 1 30
1 1 88
1 1 146
6 6
1 5 482
6 3 244
5 6 899
1 2 662
2 5 868
2 3 222
1 4
3 3 317
5 4
1 4 171
4 2 59
4 1 38
1 1 335
1 3 168
