905
1250
18014398509481982
4503599627370496
886200308975669779
235
93
15648567
1600
1947709
19
289759212389916999
829999719103237983
103171687
8388608
622824374454015262
698357216881454949
15227910
349786171607078
16577023
16777216
18
45
5390883644518758
160335688
4096
272013352494813575
1721175737495
536870912
49
468429669767095146
4398046511103
676028
116
281741553938
262144
124
34
1845767472533772
3452190339814
49486427272
1000000000000000000
88
8542728599694
695
70368744177664
62580942413108
9
469
135895121781892237
469218920977178702
924695105852001470
142141248646
2199023255550
163872956
827260345287448063
361356972445515
7170247
97174743
415
48
144115188075855872
4398046511102
382006625
1098164424498935
54
3351660492
1099511627776
5768
977228925201984018
2972339021971512
274877906942
1948444795700289
42
84191529735106
151711298886045
7006739434283
255
13010825639885267
299145855714399189
91
137438953470
288230376151711744
4294967296
312472363233134
51779383241395
837
6053
3150149
83260778918177
2097151
812487165110600827
35184372088832
677078240093910036
3229108794716
8589934591
134217726
134217727
536870911
466057364
167
2127020751996
143313
842466486607290938
58209168068920
249
683939305830579193
239
83333960785684427
17179869184
111705224330049612
12568882624714629
262142
799188420629922910
6988712895723040
786449233362621006
4734586817
2698420715435
103346646
1920
2199023255551
388431442579173791
105135880555
208885
848334631747355764
1073741824
1498060610872565
9344242890051513
1097259661
442695743084
1777146374
737622871210465655
251126897
144115188075855870
18197714
24452406278
151374
16383
140737488355326
32768
11245393623286
32767
1438258400116160
28297826637135
2199023255552
101
43345708688
591150987763576442
268747208733597
278894114
2077450
461951669313805
2916
1125899906842622
32541
108273971
1012782644397
565
72817
57527
2048
988239998885084902
721921278
3081
1040945548
12873
6694088425342078
1002032838709586
8192
9723965168
947756632396953464
153591913124
1828282
116744948849922
72057594037927936
631321474454240250
64837254539
856951601462095295
2251799813685247
191191749141055317
23625551737
8966717873484331
22198
85054049882260
48084682483407
69
24
891159036467006687
781500681899361
1096778175
985845779003509638
11162139139484896
81404329807649
4215693588135
36
3719
23528861148
1459332531
761485550875358717
1
71
994748454144494812
562949953421311
1495
17
562949953421312
662803
3726985
137438953472
1406956
63090873845145956
7006038
618584632037058632
26
903143354276
15
892762753372626328
638252407446120617
51
46799197
56
70
742048292503797
4054031936
67
873600154936
1340938443925550
1099511627775
17592186044415
6627
54812159709048361
546285997448
73725500
2834216354484
900738
18014398509481984
6991065520
2216622
109
41
2097152
67656
725460677068951125
68
36396
100
868981839952141978
21361
1125899906842623
11
234647988974954
1088071446555059
5375245026188430
131072
176554316951027883
39540956
2084883851
33554431
832704141197476869
6671
12914205095
110
64
883506433521334846
5531
33642986938894999
2097150
11797819501505
127128
824882741072502006
40289
65534
1048576
880373044481
3987549092996227
12765469860
281474976710655
9284269
17746363
487329776196
151972072
1502112424546628
8
719467893
1354177126
1096
268435454
54478450
229628684754894
31317421114571411
122241
315909286
1023
752
444327
421064498496084078
179292
78894158
8388606
66632827
13109942681
2165
765547070
16172934578864
125236860649566480
974206738617147747
652223940551904546
4230221775270
53980974301866223
34359738366
16
16593932275
34926802184
14381
212976042619
1551
8190
1925852132
3550362406638458
45858189
43
478076384591075165
60148808895562585
35184372088830
4628
140737488355328
82500
3521156728276485
85
209
76255
8589934590
13799
347723
2721410006
56233102
75
86845695542612
17592186044414
562049814
9007199254740990
137438953471
59
727707021158164199
30239569243
24848359
67108863
115765060817934605
79
307049
68719476734
6
200139742094111982
792299254
102
20
77
5575673624708
884298735918494640
609104661165642133
387
58845135949583336
29517593
1050685
6379668
53106980323
184659
562949953421310
99
6266605062572
737124398611839233
27986293738193
1881449333307
9007199254740991
1200
3206509559
80327564914
16382
23301034930838692
17172326154
4294967295
57
487894
253006902579791352
9396
288230376151711742
410984748187241073
62
123
29046763989125347
68719476735
105438253729
94
5230155426
115
23
13285839338509267
58
1024
27547
595277986283343
177825564818
13
112
2851547
6470427132436
111
511
257751
33098400295359
65535
4741497
2723391
2699449551
81
305671
72057594037927934
268435455
128330777593
134217728
32668631
710419116635931605
5373390357377
19586601946978
771525201949926942
15909681816639
211359
2046
90
53
455829046355910
42558063
916435424991858587
4398046511104
1073741822
4599101
651844443640288289
3049825550871344
98465420898086769
615245463395597617
664855222041532913
581615870177750496
4358
743933170645149196
2821723453
191596498
784387182996819603
4739269
70368744177662
15978
198415616
36028797018963967
52
943150485987
82
33554430
686608990302147027
2940
29878604408596
1548650
55
2147483648
125
134429839900134
4699595003
21723617794
35
6376634945
673186
3060571040
68719476736
2147483647
810
6842754179
128
33294
5962436072970738
576460752303423487
17592186044416
140377331382894701
34359738368
1195504936
15418
28
72868426501
106
305541016
2158529384362
83295
517037216594
281474976710656
72057594037927935
33
103
70368744177663
4012302
587465613639314892
57230
45649732883137549
3
68433060419
12181082516060
16637008017
704329907037521209
117
119
160
844821067275424245
734152126174491133
63712165707237209
288230376151711743
1048575
16777214
51177494789712749
239647617501207454
78
11255
938210705605359864
4020940390
855596947382588954
332386944
126
18014398509481983
3509859644840
549755813887
510
4995
19216812589631
222950
113
7573149792
8796093022207
652640109201719226
32766
64572402582
36028797018963968
5
4095
127
46519121
608
234338421335768312
31301902629036205
4294967294
133
17113754223788
18018479
8191
4412900
267478578
262143
549755813888
926723984212
25307904427
392876293975584137
4194302
881430853066383260
980042975
947078
8950
86
943814673317763569
15962092
14
579816731226624991
8388607
318989
158585415
121789096297
10
274877906943
1073741823
664829986537668408
9007199254740992
11685053119592
533155665971
496069
47598923963020
456390558
30
1704435033951750
865318194959403269
512
7950538
129238055
27944533350114618
562
302
260399145502
6638094
549755813886
121042934238539854
1125899906842624
5904541859553
51319
75574339367
7431
39
32194632615852
44
4503599627370494
256
138555340641146
9561
110980532291455774
886430060986990940
512408143
766004
824844515963151915
761311370492032422
9989
842798892812957080
13701317604
2627
709005906633308850
31
524286
13422686169539158
104
26691523508899224
5968
29
278895094275959
25243
1099511627774
52162982114953
21
68215917008843
338483909992722075
61733835012196
392621356
2214730289
943116
176
406811
260652374066116942
73
33554432
794658161785190816
34359738367
32
1701411792205
23788
1589547
28649288
858596769733303289
2
675015974640750312
3194
322437115592187
979841320246978406
72
7877732
65
108
92
8796093022208
281781
496248217142
776176221
61
406
118710
200484477475
28438477929052
16777215
731731225470417846
131070
27
233133501880
23879
6186876748935
24488
1293076703133696
1043654376463109
337779931854
96
2251799813685246
46
2251799813685248
1140797469686
919898705779837085
524288
166948
131071
46440
84
827031179960427346
2755547
4503599627370495
459
36028797018963966
6940686968978196
1734459562478
364
175101911324
923136949580809308
2047
896349667461213444
131454411828
660858351547221184
60
677721
4194304
11587219234412346
1348396230271402
926902686113
927224908953177032
43945112152
522101751322788
1658009187
399089261
184196438610
47
104266
8773070
80
576460752303423486
64557948762161
22
881493559119800116
100077612172553935
30206134414
67108864
501315
1087726915678
52716330491966
30427556772789910
524287
3098246283175067
19499479312457
2080912769253
100839777
50
4
4524547102
55974
2051259256256
1338360
33046089
15525488
114
137040923953
19726581747
17179869183
126338215313
3413891970100
40
63
29348672
144115188075855871
8779133078254
12
224428272125
4444032641512144
821812395016520283
59159
990222786949787682
9792890760460854
16384
1022
695790054142046212
1048574
17741781327839242
431
1230311119
26521
245006931574862730
622955649906444
3036
129923224
9229155038561
732973936904026245
16012191
681100706114409220
64239915
724
3391624849492
946260887949169086
5288760682918432
351319099487709
74
765816406111156639
653634056700221324
2147483646
761931920332121259
545872704112873
33847515328
962491295978050729
287
11315154778266
274877906944
3120685
909452709587952295
8796093022206
616077950243590759
11021282
536870910
87731894
16645706
121
566589171
2244208
156747659806267
155
9018661992068
2236135245648918
118
209857250137406
1860
241629178644305
16996106438
140737488355327
209835915928288785
3650078275171700
144149635021699
142982734
808573662889079372
4194303
988591294132273232
281474976710654
52760
667845
239947753
43202294493171805
961940914866240
1349299
38
87
885862460542566275
576460752303423488
1729682654793
1010
64248015318
23728
120
268435456
362006417668195
97
3259876192378736
1154
467
4584238858
66
6284122312771439
136523313957540
751570105552598158
6948194823555883
99579
4002117071581686
8589934592
854964876691837765
1506390
34827461111256
594
7049371484
246
372020635500
83
28616228932859432
100602202981332
122
35184372088831
7
257082978136002
49035658744
2684311648
17179869182
2852252
89
98
37
95
2145
792792584065228
704891859466142844
8250180122432
31841976708
37434331
886521
984105174225237992
966217799725747749
67108862
12284029281
23896692501581695
949490242433772378
254
744802057976
3013380346515
37763302867847252
107
17318281
686656616182777566
76
917333573687861708
25
4094
474352255399
105
1007962107
11059179534238901
3059
65536
1065
769463368936
141339
