307
9258
107
9575
18
60
17
8801
41
9756
3192
9043
9139
9802
24
9304
29
1857
10000
68
96
43
8955
9607
87
40
9976
8530
48
88
101
66
391
10
50
1023
75
6
8877
2470
121
109
53
115
97
4
8208
1022
9
4094
82
4457
47
20
1375
9826
8533
69
9668
9437
70
131
72
8774
8
9251
142
9028
5
98
2046
93
91
79
23
886
21
89
2568
9631
8326
11
229
7435
316
1093
30
8458
9724
13
9677
124
1202
8486
99
9650
192
26
9458
3958
8986
4095
108
9325
1672
9432
5424
9693
8564
303
1581
76
9591
8526
106
2
74
8594
111
2048
8849
19
110
35
8493
855
1
81
9586
8190
7464
510
8846
9921
85
51
62
7747
86
8192
113
2047
94
3660
128
5076
256
254
59
1010
8444
15
8570
8320
8996
122
9465
1014
9093
8537
9809
333
65
204
8331
117
42
230
22
61
458
123
8635
45
8396
104
8980
33
3764
8288
64
9895
1247
119
9781
52
36
8833
8416
7621
118
34
2579
9830
7264
73
71
628
9953
9070
46
5312
95
9767
9242
77
126
8697
9087
511
78
25
9498
3876
1436
2662
37
83
9367
9124
512
105
8671
9124
9487
689
8217
9099
125
39
8290
92
9675
55
8952
9612
7213
798
80
8930
9276
112
8830
9285
31
9074
38
114
8324
49
57
56
7
44
9382
84
16
4096
127
27
833
9818
296
9160
1024
191
58
136
32
90
255
103
12
9589
9008
120
8490
1003
28
63
100
9427
9681
8512
353
116
54
240
480
9148
3
14
9258
9037
8569
415
905
1104
2677
8436
102
9081
67
510
1062
8424
8191
176
