307
642
74
3551
455
2047
18
255
550
44
8735
9
124
1023
98
24
8338
60
41
113
54
43
510
1
86
9506
256
6
9510
112
7
8251
8192
9412
7719
8860
28
8689
809
458
8804
512
77
82
107
8
1495
123
42
1549
8009
9892
10000
2003
81
245
104
9378
4
6146
8700
9746
9945
12
8658
3679
53
9347
16
87
8322
8534
9293
8310
3079
66
8901
1280
116
106
9939
241
99
19
40
1918
121
1024
90
9838
8263
574
100
9099
9765
85
33
9063
61
27
89
105
209
9510
245
96
8247
8999
46
108
9012
103
9942
97
39
56
4094
22
76
5837
158
15
31
91
8191
3
64
14
73
9630
7431
9130
70
9561
8845
9440
197
4095
4932
9348
17
8633
48
88
1883
6171
9223
9265
9728
8998
2360
9167
57
460
1709
38
30
8412
92
8926
185
261
8858
13
93
65
3837
258
511
9380
176
49
26
9422
8461
8613
136
1149
62
127
52
9586
8232
9777
1022
9000
10
115
8901
3528
5
397
125
257
9681
9860
8427
527
20
114
8408
908
8902
50
9181
8546
8625
7072
8383
35
2046
9436
8242
8761
4096
72
9576
9996
128
8276
9216
3136
94
101
102
69
2048
8671
117
1693
9757
9174
9733
58
2873
55
8501
2014
63
9513
254
9145
767
25
67
23
110
475
8303
9776
9907
83
36
3901
8475
9916
8190
68
9905
8492
75
9754
119
8960
32
9064
3516
109
59
29
9825
612
8639
2
111
21
95
51
45
118
122
84
71
208
8710
9415
8507
848
8625
34
6292
8745
78
8395
47
437
9490
120
381
80
37
9178
79
5718
11
9372
126
776
