50
24
0
2 6 15
2 8 9
2 24 18
1 22
0
0
0
2 20 4
2 1 12
2 19 13
2 7 3
2 14 2
0
2 16 23
0
0
2 17 5
0
0
0
0
2 21 10
0
24
0
0
0
0
0
0
0
2 20 22
0
2 2 8
2 1 24
0
2 21 19
2 9 17
2 5 13
2 12 14
2 7 10
1 3
2 23 18
0
0
2 4 15
1 18
2 6 16
24
0
2 13 12
1 7
2 19 6
0
1 1
0
2 17 10
0
1 5
1 16
1 9
1 9
2 11 24
2 18 3
0
1 5
1 7
1 1
1 22
1 22
0
2 20 21
1 16
25
1 16
1 16
1 16
1 16
1 16
1 16
1 16
1 16
1 16
1 16
1 16
1 16
1 16
1 16
1 16
0
1 16
1 16
1 16
1 16
1 16
1 16
1 16
1 16
1 16
25
0
1 7
1 5
1 9
1 16
1 25
1 18
1 17
1 21
1 15
1 19
1 20
1 22
1 2
1 14
1 23
1 6
1 3
1 4
1 1
1 12
1 10
1 24
1 11
1 13
25
1 25
1 21
1 15
1 8
1 3
1 5
1 19
1 1
1 7
1 9
1 20
0
1 6
1 2
1 17
1 23
1 24
1 16
1 14
1 10
1 18
2 11 12
1 4
1 12
1 13
25
0
2 23 4
1 13
2 18 7
1 25
0
2 12 15
2 21 22
0
0
0
1 6
0
0
2 10 1
1 14
0
2 16 19
1 20
0
1 17
2 11 9
2 24 8
2 3 5
0
25
1 21
1 1
2 8 5
2 11 23
1 6
1 21
1 10
1 14
2 2 7
1 21
1 13
2 19 20
1 21
1 21
2 4 16
2 25 12
1 21
2 9 3
1 21
1 21
0
2 18 15
1 24
1 21
1 17
24
1 14
1 5
1 10
2 17 16
0
1 9
1 8
1 19
1 2
1 12
1 6
1 21
1 7
1 11
1 5
1 22
1 3
1 20
1 18
1 23
1 1
1 13
1 24
1 15
20
0
10 15 3 18 13 10 12 9 1 19 11
0
10 15 3 18 13 10 12 9 1 19 11
10 15 3 18 13 10 12 9 1 19 11
10 15 3 18 13 10 12 9 1 19 11
10 15 3 18 13 10 12 9 1 19 11
10 15 3 18 13 10 12 9 1 19 11
0
0
0
0
0
10 15 3 18 13 10 12 9 1 19 11
0
10 15 3 18 13 10 12 9 1 19 11
10 15 3 18 13 10 12 9 1 19 11
0
0
10 15 3 18 13 10 12 9 1 19 11
50
0
2 50 35
2 6 33
0
2 9 26
0
0
0
0
0
1 4
2 31 39
0
2 10 15
2 22 12
2 40 14
2 30 19
0
2 23 25
2 32 17
2 24 38
0
0
0
2 27 3
2 44 11
0
0
0
0
0
0
2 8 43
0
2 41 46
2 34 16
0
2 29 20
2 1 45
0
0
2 13 21
2 37 36
0
2 7 5
2 49 47
2 18 48
2 28 42
0
0
50
2 28 9
2 21 22
0
2 41 16
0
0
0
2 10 31
2 44 2
0
2 6 39
2 5 32
0
0
0
2 48 8
2 13 34
0
0
0
0
2 33 4
2 35 37
0
0
2 47 50
2 15 23
0
1 30
1 7
2 38 40
2 29 30
0
2 25 11
0
2 49 42
2 3 17
0
2 14 36
2 20 45
0
2 46 43
2 18 1
0
2 24 12
0
0
0
0
2 19 27
48
0
1 4
0
0
2 44 48
1 22
1 4
0
1 27
1 32
1 8
1 3
0
1 3
1 22
2 12 14
1 19
2 2 7
0
1 25
2 26 11
0
2 20 35
2 33 43
0
1 8
0
1 1
1 34
2 36 17
2 6 15
0
1 13
0
1 25
1 19
1 1
1 32
2 38 10
2 9 46
1 34
2 41 29
1 13
1 47
2 28 37
1 27
0
1 47
50
1 39
1 39
1 39
1 39
1 39
1 39
1 39
1 39
1 39
1 39
1 39
1 39
1 39
1 39
1 39
1 39
1 39
1 39
1 39
1 39
1 39
1 39
1 39
1 39
1 39
1 39
1 39
1 39
1 39
1 39
1 39
1 39
1 39
1 39
1 39
1 39
1 39
1 39
0
1 39
1 39
1 39
1 39
1 39
1 39
1 39
1 39
1 39
1 39
1 39
50
1 13
1 36
1 11
1 48
1 32
1 27
1 35
1 18
1 29
1 7
1 23
1 17
1 20
1 38
1 43
1 39
1 5
1 34
1 50
1 16
1 33
1 30
1 41
1 47
1 9
1 42
1 1
1 19
1 6
1 40
1 25
1 24
1 12
1 46
0
1 26
1 44
1 21
1 3
1 15
1 2
1 14
1 49
1 31
1 37
1 4
1 22
1 28
1 8
1 10
50
1 9
2 40 5
1 7
1 41
0
1 13
1 26
1 38
1 39
1 15
1 34
1 36
1 48
1 46
1 11
1 43
1 19
1 3
1 8
1 30
1 50
1 4
1 29
1 20
1 5
1 27
1 6
1 14
1 49
1 28
1 17
1 18
1 16
1 24
1 45
1 1
1 23
1 25
1 37
1 44
1 21
1 33
1 22
1 47
1 42
1 32
1 35
1 12
1 31
1 10
50
1 41
0
0
2 25 28
2 42 47
0
1 16
2 32 38
2 49 15
1 48
1 43
0
1 21
2 6 22
2 30 17
0
2 50 27
1 19
0
2 11 37
0
0
0
2 31 1
0
1 23
0
0
0
1 2
1 12
2 20 40
1 3
0
0
1 35
1 34
2 24 45
2 44 8
2 36 14
0
2 7 10
0
2 5 9
2 18 4
1 29
2 13 33
0
2 46 26
0
50
1 46
1 46
1 4
1 46
1 10
2 34 39
1 46
2 25 20
1 46
1 46
1 46
2 6 31
1 17
2 16 47
1 1
1 35
1 46
1 46
2 13 3
2 2 11
2 29 8
1 46
1 46
1 9
1 18
2 24 5
1 44
1 38
2 15 27
2 37 41
2 48 28
2 14 30
1 46
1 22
1 46
1 46
1 33
1 46
1 36
2 45 49
2 7 23
1 46
2 19 26
1 46
2 12 21
0
1 42
1 50
2 43 32
1 46
50
1 10
1 8
1 19
1 36
1 40
1 32
1 14
1 47
1 42
1 9
1 46
1 2
1 23
1 29
1 38
1 5
1 15
1 7
1 43
1 35
1 13
1 24
1 3
1 1
1 20
1 17
1 38
1 48
1 41
1 31
1 49
1 12
1 30
1 37
1 45
1 44
1 26
0
1 28
1 34
1 22
1 21
1 6
1 11
1 33
1 39
1 27
1 25
1 16
2 4 18
50
10 35 20 30 4 47 12 6 34 42 3
0
10 2 37 43 31 18 17 19 45 33 7
10 2 37 43 31 18 17 19 45 33 7
10 35 20 30 4 47 12 6 34 42 3
10 2 37 43 31 18 17 19 45 33 7
0
10 26 1 5 39 16 29 23 32 11 48
10 14 10 15 41 8 28 50 40 13 46
10 26 1 5 39 16 29 23 32 11 48
10 35 20 30 4 47 12 6 34 42 3
10 2 37 43 31 18 17 19 45 33 7
10 26 1 5 39 16 29 23 32 11 48
10 26 1 5 39 16 29 23 32 11 48
10 26 1 5 39 16 29 23 32 11 48
10 35 20 30 4 47 12 6 34 42 3
0
0
0
10 2 37 43 31 18 17 19 45 33 7
10 14 10 15 41 8 28 50 40 13 46
10 14 10 15 41 8 28 50 40 13 46
10 35 20 30 4 47 12 6 34 42 3
10 14 10 15 41 8 28 50 40 13 46
10 14 10 15 41 8 28 50 40 13 46
10 35 20 30 4 47 12 6 34 42 3
10 14 10 15 41 8 28 50 40 13 46
10 26 1 5 39 16 29 23 32 11 48
10 35 20 30 4 47 12 6 34 42 3
10 2 37 43 31 18 17 19 45 33 7
0
10 35 20 30 4 47 12 6 34 42 3
0
10 2 37 43 31 18 17 19 45 33 7
10 2 37 43 31 18 17 19 45 33 7
10 14 10 15 41 8 28 50 40 13 46
0
10 14 10 15 41 8 28 50 40 13 46
10 35 20 30 4 47 12 6 34 42 3
10 26 1 5 39 16 29 23 32 11 48
10 26 1 5 39 16 29 23 32 11 48
10 2 37 43 31 18 17 19 45 33 7
0
10 14 10 15 41 8 28 50 40 13 46
0
10 26 1 5 39 16 29 23 32 11 48
10 2 37 43 31 18 17 19 45 33 7
10 35 20 30 4 47 12 6 34 42 3
10 14 10 15 41 8 28 50 40 13 46
10 26 1 5 39 16 29 23 32 11 48
5
1 4
1 3
0
0
2 4 1
5
1 5
1 5
0
2 2 1
0
5
0
3 4 3 1
1 5
0
0
5
0
0
2 4 2
1 2
1 4
5
0
2 5 1
2 2 4
0
0
45
1 31
0
3 34 15 6
4 39 21 13 34
1 39
0
0
1 25
2 45 12
2 21 2
0
2 23 20
2 6 21
0
1 45
1 14
1 1
0
0
1 18
2 23 32
0
0
1 2
0
0
0
1 19
1 44
0
0
0
0
0
5 16 29 14 13 10
3 23 32 37
0
1 13
0
0
2 14 27
3 29 5 45
3 6 10 5
1 23
0
49
0
1 8
0
0
0
1 11
0
3 40 21 31
1 28
0
0
2 22 23
4 21 3 31 40
1 8
0
2 42 11
0
1 17
1 16
1 49
1 42
0
2 11 44
1 22
0
0
2 11 4
1 30
2 27 36
0
0
1 47
5 12 23 10 25 26
1 13
2 44 30
2 42 26
1 13
0
1 27
1 47
2 1 8
0
2 34 15
0
1 15
2 30 16
0
1 38
0
48
1 33
0
2 36 23
4 12 8 20 28
1 20
0
0
2 48 42
1 2
0
2 30 21
2 23 5
1 7
0
1 33
0
2 14 20
0
0
0
0
0
0
0
0
0
0
1 11
3 23 19 28
1 42
2 48 11
3 3 15 41
0
0
2 16 8
1 14
4 8 12 11 5
3 22 46 33
1 19
0
1 28
0
1 39
0
4 47 34 48 13
0
2 5 28
0
47
0
1 46
4 24 11 9 15
0
0
1 15
0
1 13
0
1 47
0
1 38
0
1 46
0
0
0
2 15 17
0
0
1 7
1 47
3 26 8 5
2 17 13
1 13
3 8 4 34
4 22 12 26 5
0
2 32 24
1 29
1 33
1 14
0
0
1 5
0
0
0
5 7 17 8 29 37
4 3 22 32 1
1 5
3 3 16 2
0
0
1 8
0
0
50
0
1 42
0
2 6 13
0
0
0
1 46
2 47 31
0
2 35 5
1 21
0
0
2 10 8
1 50
0
1 10
0
3 49 11 9
0
0
0
1 43
1 35
6 43 5 28 47 33 27
1 3
0
3 3 41 18
1 5
0
1 21
0
0
1 13
2 18 41
0
2 21 41
1 5
0
1 9
0
0
4 16 29 33 27
1 42
1 13
0
5 7 26 21 33 17
0
2 46 1
49
0
1 49
1 18
0
1 39
0
1 17
0
0
0
0
0
1 17
0
0
1 25
1 6
0
3 4 20 6
0
0
3 9 17 49
1 4
2 15 18
1 49
0
3 4 18 38
4 39 4 17 21
0
1 11
2 3 40
0
1 11
4 17 5 29 38
0
3 24 40 33
3 19 15 44
0
0
1 27
1 49
1 1
2 39 30
1 4
0
1 33
2 46 27
2 15 13
0
48
0
1 42
1 20
1 34
1 4
1 41
4 40 27 32 6
3 25 19 40
1 31
1 36
0
2 5 7
1 39
0
1 42
0
0
1 1
0
0
3 41 7 31
1 32
2 5 29
1 42
0
1 32
2 25 31
0
0
0
5 15 8 4 34 46
2 19 42
0
0
1 34
1 20
2 39 3
0
0
1 14
0
0
0
0
3 40 19 32
0
2 45 1
2 5 18
48
0
0
1 7
1 14
0
1 41
1 41
1 1
1 36
2 45 46
0
0
1 34
0
0
0
1 46
0
0
0
4 42 30 29 26
2 45 2
1 15
0
1 22
0
0
1 27
0
2 39 23
1 30
0
2 36 46
0
0
0
0
1 3
0
1 30
0
0
1 34
0
0
0
4 29 20 23 3
1 29
49
0
3 9 22 12
0
0
0
0
0
1 10
0
0
1 8
0
0
1 13
2 1 18
2 23 14
1 3
0
0
1 11
1 1
2 10 35
1 41
1 10
2 18 31
0
0
1 7
1 43
0
1 13
2 45 41
1 9
0
0
0
2 45 5
0
1 41
1 18
1 10
0
0
1 11
0
0
0
0
1 3
49
1 10
1 39
1 46
0
1 14
0
0
1 45
2 1 33
0
0
2 43 42
1 11
1 46
1 17
0
0
2 30 22
0
0
0
1 33
1 14
2 46 25
1 14
2 42 46
0
0
1 11
1 3
2 30 5
1 22
0
1 38
0
0
0
1 46
1 10
0
0
0
0
2 6 17
0
0
1 29
0
0
40
0
1 30
0
0
0
0
0
0
0
0
1 7
1 20
0
0
3 16 20 3
1 13
0
0
4 28 9 40 8
0
4 16 40 24 29
0
1 25
1 27
0
0
0
0
0
0
2 36 23
2 1 12
1 5
0
0
0
2 1 28
0
2 30 13
0
43
1 25
3 6 43 9
0
0
0
0
3 32 5 11
0
1 18
0
1 1
0
1 15
0
0
0
1 26
0
0
1 28
2 34 8
2 40 28
2 13 18
1 25
0
1 34
0
0
0
2 40 5
1 9
0
0
0
0
0
2 14 33
0
0
0
0
1 25
2 8 14
41
0
0
1 27
1 39
0
0
0
0
0
0
0
2 30 27
1 15
0
0
2 9 24
1 7
0
0
0
3 14 19 7
0
4 1 18 10 28
1 20
0
0
1 24
1 16
0
2 26 19
1 26
0
0
1 9
1 9
1 9
1 4
1 15
0
0
1 18
40
1 9
1 6
1 11
1 6
1 19
1 33
2 6 32
1 39
0
0
0
0
3 40 2 15
0
1 1
0
0
1 24
0
0
1 6
2 20 35
0
0
0
0
0
0
2 12 33
0
1 2
2 34 11
0
0
0
2 34 6
0
0
1 12
1 38
44
0
0
0
1 3
0
0
1 24
0
1 19
5 36 26 4 23 1
1 20
0
0
1 9
0
0
0
1 17
0
1 3
1 18
0
1 3
0
1 33
1 24
0
0
0
0
0
0
3 12 8 18
0
0
2 34 24
1 9
0
1 38
2 39 26
2 17 16
1 6
0
1 33
42
2 21 41
1 42
1 24
0
1 23
0
0
1 42
0
0
0
0
0
0
0
1 9
1 26
0
0
0
0
0
0
1 10
1 26
0
1 38
3 41 33 17
4 11 26 17 7
0
0
1 17
1 34
0
0
2 11 30
1 14
1 5
1 18
2 42 11
0
1 30
41
0
0
2 29 21
1 37
0
0
1 20
1 12
2 26 19
0
0
0
1 10
0
0
0
0
1 12
0
0
1 38
0
1 18
0
3 38 34 27
0
0
1 38
1 38
2 34 11
0
2 8 26
1 11
0
0
1 31
0
0
1 18
3 37 18 22
1 7
47
0
1 18
2 11 39
0
0
1 23
0
2 2 15
1 26
0
1 14
0
1 39
0
0
1 26
1 37
1 4
0
1 1
0
1 23
0
1 16
1 19
1 7
1 26
0
0
0
1 4
0
0
0
1 18
3 27 2 38
0
1 39
0
0
1 43
1 21
2 5 26
0
1 46
2 39 14
0
45
0
0
0
1 10
0
0
1 17
0
0
0
1 26
0
1 3
0
0
0
0
1 28
0
0
0
0
0
0
0
1 10
4 8 43 25 16
0
0
0
2 39 16
0
0
0
1 14
0
1 34
0
0
0
0
0
0
1 41
0
48
0
0
0
0
1 37
0
0
1 25
0
0
1 22
0
0
2 1 21
0
0
1 12
0
0
1 38
0
1 24
0
1 12
0
0
1 32
1 44
1 24
0
0
1 12
0
0
0
1 23
0
0
0
0
0
1 29
1 46
0
0
0
0
0
46
0
0
1 17
0
1 9
0
0
1 35
0
0
1 35
0
0
1 41
0
0
0
0
0
0
0
0
0
0
2 2 36
1 42
0
1 41
2 2 24
0
1 26
1 38
0
0
0
0
0
0
0
0
1 6
0
0
1 42
0
0
41
0
1 16
0
1 16
1 9
0
1 4
0
0
0
0
0
2 30 1
0
1 34
0
0
0
0
0
1 4
0
0
2 39 1
0
0
0
0
1 2
1 34
0
0
0
0
0
1 37
0
0
0
0
0
40
0
0
0
1 15
1 7
0
1 15
0
0
0
0
0
0
0
0
0
2 16 36
1 16
0
0
1 14
0
1 15
0
0
0
0
0
0
0
0
0
1 22
0
0
1 30
3 5 4 7
0
0
0
48
0
0
1 1
0
0
1 39
0
0
0
3 47 43 33
0
1 48
0
1 31
0
0
1 12
1 42
0
0
0
0
0
0
0
0
1 2
0
0
1 43
0
0
1 24
0
0
0
1 15
1 17
0
0
2 20 17
0
0
0
0
0
0
0
47
1 26
0
2 40 5
0
0
0
0
0
0
0
0
0
1 11
0
0
1 40
0
0
1 17
0
0
0
1 45
1 1
1 36
0
1 4
0
0
3 21 44 13
0
0
0
1 21
0
0
1 4
0
0
0
0
0
0
0
0
0
0
