100
3 3
10 1 20 2 25 3
10 2 30 3 20 1
3 5
10 1 6 2 10 1
5 1 3 2 10 1 3 2 5 1
3 5
10 1 6 2 10 1
5 1 6 2 10 1 6 2 5 1
1 1
5000000 10
5000000 100
3 5
10000000000000000 1 6000000000000000 2 10000000000000000 1
5000000000000000 1 3000000000000000 2 10000000000000000 1 3000000000000000 2 5000000000000000 1
3 5
10000000000000000 1 6000000000000000 2 10000000000000000 1
5000000000000000 1 6000000000000000 2 10000000000000000 1 6000000000000000 2 5000000000000000 1
3 5
445299156746490 12 453012660054119 75 468189426004266 25
294428478042294 12 239779991627326 77 292291012144484 75 268372814570225 77 281394986734307 25
3 45
4383612652858122 72 4447608957450080 44 4375718157233549 11
313872941381448 14 306055251859257 36 282178433662958 28 286594943033072 74 244387127435012 60 305464401144511 89 323293871224408 45 369074661866021 12 289595208607245 29 267478556801842 35 326784005033259 8 273314560205614 53 282299008051376 42 360790090351994 94 319506339969867 63 256829272881649 96 347180955417889 43 300443892625359 44 276703900876495 84 259808409859801 95 321658874299269 16 300135157783295 73 248726382099554 5 320710851809221 57 289478767254303 75 260991605204645 90 269193052956075 11 287712740392201 77 212284971361838 88 337427629495651 18 295507153053424 9 272595282102558 80 321479430487068 61 387713548326871 3 247234137861215 79 281550907886884 66 340572866615515 19 306146674017676 48 276894834015682 78 217226810754235 34 295940948614540 72 348396526627737 97 237386933353954 83 228141151673686 68 351012906171964 99
3 47
2943209749005823 19 2723140848766296 100 2886160766021657 19
241436036370803 19 408139151710114 100 305900647199370 100 231706294640324 100 314507093037874 100 82825328226253 19 266043367160453 100 141596960915350 19 162120718438323 100 223346567407304 19 348050361173084 19 101232904917922 100 140247613631533 19 13013916002063 100 180582862821923 100 108215571883109 100 67124598104055 19 1 19 269613282078940 19 42864787350463 19 147607301791154 19 331129999734610 19 415462835943551 100 26974520200490 19 1 100 322453399276014 100 327276811286326 19 324829420047273 19 189522532550041 100 292379612604956 19 84887938105283 19 175855205452640 19 139227732082166 100 278914720605535 19 155070436827063 19 202833900202454 19 148095719269088 100 313773997674560 19 181352288654265 100 159879736862414 100 174797963736816 19 301905980484573 19 161356474472242 100 283701411870506 100 136070894556145 100 177920858539064 100 209482541740977 19
3 69
2260257400023227 77 2552286649042466 46 2367931976311892 85
40406607787824 77 154450671395207 77 98801204787711 85 1 77 22547890483222 85 125362575765255 51 45811971443153 85 77097569089652 85 129356284173729 77 299278563128450 77 18172899385085 77 61920140823937 82 73042353290770 77 190604601867331 51 246258799167177 51 162062514405102 85 184620216793867 46 8631168797788 51 5687350586306 85 115299570331590 46 170503768759590 85 247868085773023 77 58347538279078 85 111643761621188 77 125458106124181 46 181676719758665 82 19145268233457 77 122366614184711 82 168268661136461 82 105227121042999 77 143229435053374 51 53986862889546 77 44784230197548 77 90264021509037 77 118551891399150 77 121939643137584 51 230910723495702 46 198511376054259 77 46194191228745 85 105558558619776 46 117470876613734 77 111978252282389 46 191745361392155 77 1 77 178090125440741 85 67337552744143 85 214036161353955 85 35862031190483 85 1 77 95304819937317 46 204445762984675 51 202473818220683 85 132351982562168 85 138506903492292 85 140066456258984 46 174359996410872 51 1 85 82654197545402 77 209262377744501 77 62504834067142 51 106120086522278 85 142710454889319 51 171974567335774 77 232645073064309 46 1 77 36330307506373 85 84834255663328 82 117793709572142 85 338435987110972 77
3 24
1891982953806949 17 1962949682280299 58 1865571861036597 9
272956259172321 85 216637462255903 29 263398300781351 72 301767529680887 10 188103613876799 81 313448658341955 33 192181913147313 56 211972619475375 97 264058371333352 37 197373368062999 58 190043723820690 54 214164491457509 78 256847588376247 57 139998477162657 3 218971068918660 100 312393608092303 9 248868624386874 44 258278748657255 89 200740432825194 16 205956114151568 98 271774495988757 63 211883552117757 35 267171049652826 83 229976440351826 14
3 55
888926219956651 64 887839188326403 88 884908301633362 64
51487634989679 88 49803103163414 88 48564907055115 88 51668417933529 88 49638000144007 64 52098386216640 88 50740778299610 88 50420869001466 88 47386289370023 88 47184179673264 64 47115422032920 88 48187034849464 88 53120181202758 64 44730977977393 88 52116295212542 64 47054927928895 88 47993783776719 88 49808197168192 88 47542947015994 64 51370571505086 88 49495674049188 88 47339271266039 88 48714323502262 88 45710675001554 88 48204154477355 88 50192075743879 64 48952168506189 88 49612942464312 88 47205702166637 88 50753506232993 88 47298289510280 88 47072423062487 88 47165793162986 88 51110067726181 88 47805435770300 88 46854031302523 88 47450830507528 88 47411396317744 88 47809696137827 88 47907486253442 88 49706644736876 64 47812761114663 88 49182106316917 64 47882112826703 88 44823605878412 64 50125850526847 88 47244492518591 64 46582770900278 88 45643552638641 88 50222033693048 64 51453699812648 88 48343444122237 88 51095498865832 64 49226687146477 88 46058989955401 64
3 66
6596781591153828 63 6623341263911224 80 6541137938510195 14
337184382971692 54 230934247660977 12 282308696366547 63 373571846855946 12 403824927327067 80 361306024699592 54 254495249858918 54 197547254741133 12 343721924264362 12 213254677137217 54 259955797423707 12 264944725885483 12 124603817824498 63 337542318400269 54 306576293685019 63 137894213217695 12 377836388234190 12 266077228595485 14 385807267815643 12 211251777828024 63 401930046503552 54 289527853333171 63 342236317663620 63 193026180955632 12 383954676603551 14 294404554846813 54 346869321711458 63 304507030232172 12 217135490130305 63 351605360800287 63 361065432436793 12 142804497919757 12 300439299637420 63 311670788598018 12 214110940132070 54 245809366563380 80 117222935219909 54 362266802113591 63 215693522319863 63 298318709445733 63 211829789112381 12 370113207191773 12 149844895544507 63 260690903352641 14 333450852629230 12 281635138490123 12 418177321583050 54 415068408961784 54 397929377700583 12 312110868127051 63 223011799148967 80 260155081353910 12 281560208319473 63 428429675470029 63 373354949170091 12 262551877902417 63 425942527734873 12 198382752125820 12 339204100629126 80 255237411846646 63 491902847200774 63 279194668880431 12 346856944869817 54 348746663134187 80 294230348419437 14 331341276319466 63
3 34
340094787326816 64 355518306403322 61 309684651666564 3
27725899936549 53 37098441767594 9 4928592049602 56 15712338929923 74 37989459658997 34 96257657571352 77 1 68 1 44 1 78 1 12 1 35 44771361913846 94 28924546561189 50 13083696619368 75 17688581690069 61 1 83 37055032114909 72 84143346808021 41 35083496211170 3 40458874859920 69 1 97 54418856462461 51 1 64 1 1 129128091697726 36 68301838484823 43 1 73 55780766705641 23 1 7 66634227066474 5 64080095086803 84 14678975478254 31 8809958978374 25 14014774009938 6
3 9
210935645383487 82 290106122401293 87 265745274460444 82
51451076194746 82 139785248081699 87 71204745946720 87 93455117516254 82 76268016321741 87 115088309306065 87 70583911528666 87 67584488873799 82 80894026981072 87
3 90
8157599324137461 33 8160856073055176 96 8183687160744149 33
275317295200806 96 259050856043669 33 282186124253879 47 292460460731510 96 305647293565511 48 275978022004148 48 279761028915098 48 276320666722645 96 273083906228427 47 249511048091934 47 251290345504857 96 289450937354943 33 305469264117579 96 268505151100550 47 271806247955049 53 274683015539113 48 307634645527690 53 260371265260016 96 246147098493117 33 282737610908107 96 282022103482747 53 267107434755243 33 275589457823108 96 252501280568463 96 262996546019491 96 286234784861406 33 265329835848136 33 277900553131991 48 256571864598854 96 271326888843194 48 278294422558641 48 247571785193779 96 260070217794614 96 245098162975053 47 249826325225447 96 258554571085292 47 257987257504018 33 261546266539308 33 305629083327249 33 304936243603578 96 245776604790027 48 270572444968003 96 250212241834960 96 269879923858981 48 256783144382275 96 240805310475131 96 286072838708540 47 263508473151363 48 295159669970058 33 248421856109770 96 248794443600521 33 275627753183682 96 245526972234642 96 272927519568416 96 285868314983414 48 272847499815395 33 241662391146501 48 293905966774575 48 256947743190034 96 332865512961882 96 266635915449284 96 264290286337646 96 286565764188660 96 269920195733619 96 288381626346612 33 298336162236444 53 264236042151670 48 284158237870004 33 247898198926017 48 270826408203666 33 265782495891131 47 314719873577012 96 278727781365165 96 280391389383617 53 268171875361856 96 283956407631680 96 247427970769899 53 287386313638778 96 294485293886748 47 251001571853504 33 297447637522255 33 249962648354724 47 265885690181091 53 251832727575861 48 257842199447770 48 247385005161986 33 266715509856878 48 268254474364684 96 272112196358386 96 283812831488386 33
3 59
36193062224063 81 160739831254949 25 65305757594608 83
1 44 120866482171211 98 92499007939257 18 73239138606807 27 1 36 21991404498372 84 1 52 1 2 193662941688684 97 1 66 16579938547935 25 1 91 61475352919030 46 1 83 24085001478290 41 1 31 1 72 3348681846394 24 1 64 1 33 1 21 46488940615969 75 68555875167768 22 75449917415780 70 1 47 61624574535155 55 13486377119196 3 40822869321170 90 1 62 44505157587283 42 91030889317206 78 1 77 1 59 1 30 6196167115602 35 1 82 4392849170630 38 1 19 1 26 49647533674714 39 1 56 13904715800523 32 185313287153741 95 67022576474827 13 39796137011478 1 1 94 1 81 139796769299733 49 1 62 1 21 1 70 73322184534700 75 1 52 1 2 1 39 41674061212995 55 1 30 1 72 1 47
3 61
4109913619170384 15 3939159015467923 48 4217405650979837 15
1 15 300241591534026 48 458584182988767 15 378911903878727 15 229343858911263 48 163299632397401 48 1 15 389213480884145 48 362020287007490 15 158031401756875 15 251369386877217 48 197887987890830 48 122857383213345 15 279614421037653 15 141443920135058 15 181813327706165 48 382144479685 48 154854019005003 15 202320856185023 15 281990949615633 15 243079869664776 48 202820278076770 15 86383163781578 48 276281154886850 48 307683452478316 15 305163458523073 15 311815843181568 15 321701160150655 15 134150727098688 15 98234283914050 15 231862330510205 15 252790923329962 48 203928857784450 48 141358583554306 48 247229935486581 15 32900477090556 48 225655360363172 48 168326402514921 48 21007794050760 48 230961856347522 15 277752114200710 48 154979389682842 15 171573252080456 48 103622728535176 48 220377335833958 48 183012749704493 48 136832275166663 48 299057468699593 15 306167700929637 48 26556406119428 48 159687692431632 15 264352174562526 48 262864526909808 15 215051859843100 48 99904922650320 15 100624509725201 48 307441721555020 15 256787319151501 48 215843290055602 15 183077858681488 48 142023490845608 15
3 23
209370541127546 34 224077236252615 34 340158659265009 22
23585130448237 77 95642916414358 22 71007447720009 22 19333409414404 60 1 60 14022893510016 60 6540999406183 22 42154675155563 77 52057216586327 22 53593637144532 60 25765429798254 60 6649056326975 60 1 77 1 60 120824482881667 22 24677947024691 22 74489656481339 22 38729054222997 34 1 84 47916909768832 84 52366170599682 77 69294075202755 22 1 60
3 45
4393806835974492 91 4424379981199662 44 4353046693359948 34
264735510286280 41 303253037330363 26 322095250133257 6 296389473218889 11 243757307807143 97 260944704835985 78 307783512895763 53 321966001118270 30 274226552555285 95 285311462680273 70 304629506128683 76 296642912890437 73 258872534504496 79 280331186361917 83 301603069562077 57 294156698900237 43 336769066355882 61 324723049531322 71 262695206667527 23 302939337352187 36 246448619882184 85 281126610917857 87 284308042594658 54 255821628575601 33 316734191277719 55 286075898015421 51 297271522737578 9 314881433176985 47 308079535286803 84 308969342340405 18 311246821821016 58 293949938143144 93 269451833516942 62 306338159992025 82 345037584120182 15 313549499134804 92 293177043121267 14 284369252824039 75 266846036392765 31 318315377493373 100 291753192728365 39 272018338144602 4 296154949180932 17 315689290122673 91 316931177768468 38
3 39
1440149196662657 20 1525847903919245 83 1511102900882422 20
80335071962081 20 161820575564283 20 190148559961900 20 65443552252498 20 102199096423092 20 75985330954567 20 110437942753367 20 90056670537902 20 228388504961655 20 92014466105757 20 178895541751637 20 153239981895833 20 116162582801506 20 118618923582056 20 171913959200897 20 106550181990494 83 73488361136217 20 124239192127712 20 158497099999923 20 155084844380499 20 112650313389286 20 109147871825707 20 112454076100555 20 159996198104178 20 105414567896111 20 134770003308031 20 109333759273912 20 71370364724869 83 166855760338637 83 62244598787780 20 98936703005563 20 60271519744256 20 170148863301186 20 74492028083527 20 175573324345630 20 154930877364447 20 116899997780988 20 217283682800423 20 104957646142368 20
3 39
2103071340256765 52 2102996303664954 64 2092124587217305 64
162610078069180 52 169138465092121 2 151064496340487 52 173531379474742 33 159618512696923 52 169580803993717 2 171957320456662 52 164920377443982 2 177284151160354 71 152572440650392 71 154909764656058 52 159150995266861 52 159916194112295 52 169869789355205 71 155385536279712 71 165659990770414 52 158485053209233 71 158105587310130 71 170775668965661 71 163336241552666 52 164993953074445 71 160618139960074 52 157611717983275 64 167495369619155 52 151418602050647 64 158342343203452 64 161232680138162 71 160621023871415 52 163389871016306 71 171806459869877 52 165128163336723 52 159722047335920 52 160517565328563 52 161317491297914 52 153189825348566 33 156415527205910 33 161202270319390 52 162974690858577 71 173516364824907 2
3 8
646818318243139 17 671572525460670 28 685861902058183 91
213334146826996 12 234192767532986 16 291917504377938 63 234442236779586 14 226523721219105 11 296939713918581 17 227352220692410 73 254784866394791 91
3 7
648266665255520 41 607731637164743 39 560249776103311 41
192772613409864 39 332618996438092 39 101939089398070 41 312418902521172 39 148983152474662 39 236776906168557 41 242526169925887 39
3 94
1054245712633396 67 1071126604401822 89 1066116384027859 67
48593659230389 17 37628630936993 67 18268013597449 18 44185644447114 13 9611538298715 18 50120762322792 67 30735171328590 17 6804092829791 89 14576130203279 13 63127653067419 13 1 13 20965292676887 18 5785501973635 17 48779125457927 13 47974922615169 89 57635810155823 13 46389751255397 18 22054484792354 17 52706389938220 18 45016308495037 18 48157732447317 17 31821462854117 17 9680646801178 17 59857323344720 17 65459720911301 89 26860594799350 67 53428966376492 17 22037775288245 17 5693308476675 17 22655826768228 89 9321419334351 89 71447373430682 18 22078166337459 17 100044249327967 17 12190174727067 89 23060607252913 89 47535905755315 17 19459830251042 17 15207551820589 89 26723351312804 67 22720091096153 67 7303705316687 17 25398346717547 17 30806633860194 17 59324330605108 89 63575200034813 17 44588322260057 13 55019186971212 89 9236637163732 17 1 18 1 17 61573401095151 89 18625174922101 13 46447958163344 17 32599797973144 89 10905136593841 17 36438896793128 67 11199944099619 89 41058950637121 13 13432237787575 17 23912782170511 17 7066854106459 17 20110578103128 67 33610986976040 17 46966747750359 18 22094056812590 17 14183956739162 89 59544495619702 67 43105488766980 89 1 17 29518487917932 17 37856533959204 67 34778694812226 13 58886031709304 13 12757543208791 17 31144381578788 89 23640474810267 17 49884449498424 89 40129861181266 18 35439660651135 18 28162917604890 13 49823628455312 17 64902223833659 17 62193384644049 89 48088593713802 89 9302831209101 17 56365308100539 89 47698026415674 17 45323016817478 17 18550859076622 17 56244646170972 13 53769537595838 13 14919584041272 18 9197814998600 89
3 54
1344565085955026 86 1451778149455161 26 1609763486278030 25
89337253327951 26 68886038506523 86 1 25 153192769856820 61 239156712475399 78 1 25 218844453653284 86 67116752576415 78 11036293090706 26 54662701837235 61 98829459008527 25 142603486344999 61 160790525726171 78 1 86 107192126036905 26 186961812925061 78 1 86 57501327582667 26 105965865527037 61 100612022545913 25 245442683095439 25 1 78 1 26 1 86 70458577446369 61 171408746614983 25 82640323645242 78 190638512644932 61 124527606701994 26 31046789582885 86 173147901115339 25 1 61 1 78 17978979022162 26 100975742670896 86 113945023949367 78 51835401094899 86 176430493179845 61 281281718874259 25 184265072801505 26 138845729635823 86 186393200025120 78 27614047584838 26 97883667489251 61 1 25 157905401818003 61 86024454324555 86 77619646341662 26 52881019220753 78 1 25 111068465208101 61 52942967512386 86 217644184224575 26 109972223133223 78
3 28
1732070899999786 67 1817871721500828 55 1598985155358360 67
147436067608461 55 86974498160273 67 151111672183691 67 184605159366698 55 192415151621994 67 154020236366143 67 197904886568256 55 197886045726862 67 241201263474435 55 99825080174175 55 198394060700928 67 196277942862458 67 243066271047300 55 252108008866907 55 160543229937080 55 232013940993929 67 107474240152511 67 328900878018504 67 170500508117898 55 232929799589105 67 34357320170200 67 191001092202057 55 317190637457011 67 207321950035553 55 205591894213184 67 162967673513440 67 112532647546125 67 320952492276311 67
3 48
1290195580277523 3 1208858934734321 39 1098496714325817 6
117296634048538 19 165278639958481 39 1 39 128266483676223 3 95419328147757 39 94060181607087 39 57232707500007 65 86253103462461 6 72036116299213 39 63927892260648 6 130941954080451 6 24838545556882 39 103192910700891 39 47117855723625 3 1 19 44578621622400 6 22346478110533 6 36571190847765 3 13525403741058 65 1 3 93220284693685 65 90426551601314 3 11706301672498 65 203707597890217 39 61381869226499 39 15127299689438 65 61287032675176 39 1 39 21752581847585 6 41294844631929 3 66739768798843 39 1 39 83075966621845 65 63896591191081 3 175092659418762 39 62207675127359 3 1 65 171083335006347 3 1 39 4376177543409 39 23514504995362 39 22955574533808 19 1 39 163507867257778 19 129777064340418 3 51351435468504 39 71097806069291 19 108077625640920 39
3 43
3529998282346764 38 3530180824157045 83 3525639037156660 61
237721858567664 93 243802901041809 9 252705734462043 83 243895486821557 26 236309916853511 19 237394143562414 40 253882515240872 81 250571021104522 38 250176958350948 61 239287307564674 86 244905388259229 48 255757301464540 5 243679323540687 18 248034373047583 23 248029331287782 66 244885199668537 15 245388682458560 16 248329512391491 31 236031562116209 44 244497042595416 15 244278043985026 83 253371620436648 16 235218576543158 9 243507180086208 38 250391521276018 48 249357844985083 40 233863705708920 19 250530426395823 86 260255025679961 61 258602660526470 18 254726455131001 26 246924794237672 5 241655388937657 23 247029164691104 81 244191677479555 44 242988930837653 66 245918258886553 31 253046308685351 93 255925921531854 5 243562472876403 48 229905597389534 83 226294186293071 19 253945308492525 15
3 50
1094314533312762 46 1284301134088072 44 1245322343838999 46
2396967141586 44 1 44 1 44 145749563640326 44 178936131603935 44 1 44 74267272209746 46 49153900218010 44 92313036824804 44 158827811657520 46 22458971508604 44 39598989318930 44 128480655112797 44 1 44 149550542894381 44 85228218369242 44 1 44 47153622904332 44 1 44 101571232444341 46 106160757684567 44 1 44 51777591938368 44 70687379002593 44 1 44 146804356287015 44 1 44 1 44 1 44 1 44 54245988044677 44 47918057794297 46 28562457467390 44 219818351461606 46 153982293009084 44 76239830714968 44 89837790625428 44 129742094104256 46 110567854989151 44 56457398731796 44 70655942754316 44 124989041292908 44 56622183127686 44 1 44 69230660955432 44 1 44 92940857625885 44 171489325512502 44 118531141829158 46 127923306584923 46
3 5
268186904808152 82 190016205913016 82 263086462423131 49
106241589954946 95 158788521801168 49 276731277736205 82 291467464323824 95 212321868136902 82
3 8
212495358377067 67 213355920633358 82 243100371590081 70
92314238235636 63 121147534805921 19 54445929807555 21 79784906745511 34 63168618039328 6 60644091825400 7 121874328101050 28 97066248201986 84
3 81
649789022602035 89 626448308777160 59 652932654375969 89
28359921365493 89 20186022049077 89 26533227370322 59 14479610373144 59 14330994651505 59 22844715178205 89 21712276456467 89 24683045130627 89 30253212865464 89 27003842474041 89 31981329759430 89 33613713154282 89 10128972205404 59 9953149876236 89 20172923375570 89 20024944632847 89 19114385512080 89 10266752129965 89 30874195512949 59 9664437850562 89 26035614426858 89 23675782189745 59 30260119875571 89 16022848008684 89 36204809434891 59 25391382294293 59 33238905402752 59 17852798698348 89 13593786501410 89 27409312584306 59 34256046084334 89 22706705231494 89 22020386125740 89 23806703211540 89 26351021017296 89 27106815263394 59 29720390890370 59 17365101862612 89 7209853621703 89 18702387901002 89 28503514239551 89 14873270826485 89 9985416922442 59 28698079975254 59 25751221145701 59 29200643241645 89 16841110604975 59 32569986720172 59 18996431014363 89 34133819913482 89 15214748715495 59 33346527926949 59 27048691578127 89 16102018220681 89 35125877888546 89 25698755154729 89 25585905774371 59 18874393340073 89 24082755280421 89 34790157093410 59 33230098029344 89 32624187670804 59 23825707719559 59 15046164138961 89 21365534875819 89 22226145242993 59 26310584731994 59 26978480535799 89 22585694905575 89 36984807447236 89 24970329637299 89 34242532789264 89 26879267393526 89 18494466673919 59 18968012410119 89 24666060904655 89 10829914104622 89 16776721065283 59 18011912056212 89 32943720020067 89 12203990054459 59
3 12
1232404647440675 46 1344793867080736 94 1128979660085716 47
265706448487175 76 328411790543529 46 272969074258892 94 390019023132538 76 285489344997932 94 257525090026509 94 246941140029338 46 281877482195016 76 429248983275591 94 233925435754307 94 205697303890508 94 263127041642696 94
3 38
2075132329830487 24 2118765572401382 26 2081927275711296 21
156613339192138 59 230257673721229 26 118173110206031 71 90649565853453 12 114244943680319 96 169410201227699 20 128132638489710 27 164339070445959 34 179383630381028 90 198935964671306 37 195302853484755 44 152046797723661 19 190344679739822 69 136760286004616 35 125343681534128 8 153222594019568 14 120199913968547 25 197126351571394 36 166772137548499 82 166195933720209 95 139313854137758 52 147430725051397 42 166155821913907 43 182773865952524 24 161367790203684 84 156571321745973 97 148179043816942 48 143280289699308 46 114956937479167 21 209390707620037 88 160222377217842 99 192074668117816 79 153551221681953 50 134601662242730 73 207427947540769 77 170587330680859 9 254910450047654 13 226951230488444 57
3 7
466398719360682 85 418792532570287 78 412356582825776 85
200497874503653 85 175740194670151 85 136342047479102 85 112658578762564 85 182750390700268 85 197231583593059 85 233218315443553 85
3 10
471219268273800 48 478435385965423 88 647890476553393 88
247577195796139 18 133175081147532 18 286768448207752 88 121976337357040 77 179502739557261 77 135180239836791 48 72595485352953 88 215589712520043 48 131795365101508 80 154860881890083 88
3 91
400298038101067 70 467540925778440 3 385563502109758 22
24301880889040 52 31009996766587 18 16033317225251 97 28374267321664 12 1 68 2748180858384 62 7151693129602 86 28370169339632 42 2988920678010 73 1 84 1 36 2526301543512 23 12831832440818 91 1 96 10730646530948 35 23877453454114 100 54977882305066 71 8668608958191 95 23228502147233 80 8597877455767 24 71827241201003 39 1 49 64577844976297 26 40348094342097 85 33088103067182 10 14445249990122 98 26061135449031 22 50969075674561 67 31829301921246 70 6877460727248 33 17358233683132 15 47522448285543 83 4687473149988 44 1902900158573 3 1 72 7865415639422 29 49628146300652 16 1 45 41210831326558 93 35931251607469 16 67905721248282 18 12311575533177 39 14119556231666 62 3896078972224 49 38534038158680 24 1 100 1 36 293183738215 84 9039016020191 29 70071248567785 22 58815878412422 95 44049582089884 23 13282716588950 80 6551908654216 10 87236351680510 52 46835502657545 83 67370010205645 86 1 73 1 26 33494511029775 93 53243836634816 97 11555335410149 15 47100761293556 96 60579117193194 68 91879762773028 44 54789005886355 67 1 35 56604631721569 98 22491749259788 45 49325049671031 42 60414065264371 33 17974335112380 72 1 91 36319648569402 70 21479752355850 12 32702213691847 85 1 3 40077908357257 71 1 62 1 18 1 93 31333122666798 83 44622478708187 91 6772300833650 52 1 49 1 72 58564942992656 73 1 44 6093336180447 29 23027978398775 39 39401100311239 71
3 89
7837175682520837 25 7868707597746647 43 7835988958703724 25
323471354638414 43 291290724854906 25 280578509161782 43 275890336938126 25 303164506220571 25 283455084800023 25 301480640313773 25 240702262007897 43 267661932557293 43 286375983416608 25 230309290190097 25 260892761613197 43 246158623941475 43 257836135031689 25 221954834580107 43 234084749362508 25 285810775288912 43 275657589873550 25 269741958431811 43 276659635730904 43 265857219139743 25 256272135671978 25 267297539985222 25 260154597059301 25 262241189496003 43 238825554791981 43 297163515401515 25 271407787957207 43 262729971146765 25 260809836808873 43 250238895269733 25 262857786402832 25 233860717672444 25 267491922809149 43 290694166000799 25 280812121957357 25 256570088893427 25 277553172940039 43 256796909905663 43 283617295632570 25 248586146550504 43 265321105540413 43 261205587858015 43 266629022055227 43 262549935845580 25 282304270349188 43 259426532227462 43 258518927384605 25 298229459807133 43 253902939482482 43 279662052027691 43 245346637760461 43 242993069397725 25 252761436394389 25 252197623102051 25 257282815350951 25 264241956531104 43 267683993925676 25 278569527830118 25 245474079830260 25 309618322717206 25 249213802738258 43 284431485926374 25 256198104131461 43 276483252921354 25 250206426440765 25 232312521170966 25 276167688089721 25 294209162891024 25 255955392223579 25 270340284418151 43 268833765839858 25 289042556347628 25 243521949900247 25 235928642889657 25 268727305845051 43 275177213790855 25 252820947954400 43 277764755017573 43 228289951360534 25 279214729841647 25 265518430500674 43 254931716124202 43 265878485525209 43 251114681160108 25 280621735245960 25 283608690017615 25 271511300317192 43 234777137893974 43
3 78
7119132997307889 61 7183089668195247 4 7244409111826889 50
185928704392475 35 269411338578707 50 283861741505882 50 186090340260131 73 312026026070043 4 281506009089985 50 244037431281549 4 197401078129963 35 368318926564480 4 134946013921835 50 305455172441454 61 266399937931473 50 381641906440284 61 431018526473517 50 149345032233079 4 137693005268144 4 412611759314028 50 268610631564734 61 286007785315538 50 130458177904949 73 398349608478470 4 277576043738201 35 304336840488747 73 293350083697476 50 206377917627110 35 220906388228039 73 305508959101868 50 227880116333798 73 292906358572544 50 305398886833208 50 185103313450697 50 301748534155081 50 356336727840459 4 284839488107224 61 236825516039571 73 312384180998759 73 192125544883108 50 200547420692729 50 301524570154965 4 185833632811255 50 402330136360663 50 270945195067917 50 314876127441451 50 308531012558243 50 257767430387029 35 239753672082275 50 106648304883711 50 185982360049028 50 320767632988857 4 327379479740876 50 311546506035091 61 241751680886943 50 236701772183839 61 244972216811795 61 276568851410514 50 185201112746466 73 360824658450735 73 285461777277707 61 237080141792861 50 142080471250596 4 134258234978549 61 262444074100510 4 293340467631199 61 199845486182287 73 405275563677263 73 298360678733925 35 251250448449150 50 395384617621867 61 328399556257753 73 259691266761264 50 136126247701256 50 278291236744850 50 267348046561337 35 262654814663095 50 304847014369348 4 270354507575107 73 360637912901158 50 289931812713075 50
3 92
4823718607578566 99 4769612704863526 70 4784704248382718 29
129577339110772 29 34801627928998 30 150405482707214 72 203913876092053 88 154910414220144 81 201890405647268 25 91528822356902 99 107493691720721 83 176695535762010 70 30026469237829 55 92618716021348 83 207491488392560 30 315901298560953 25 184580871451649 81 268319559490028 70 275230081648471 88 129140252481084 29 118707724547032 55 124937370224846 99 136123054993888 72 84837107966826 30 169453392152353 81 119062407496932 88 236812055982944 25 97020266556261 70 246534593113123 99 223496529066329 55 113385596679628 83 240989175094561 72 168001638607780 29 179121326181464 99 84738939921213 70 155769945356062 29 131312023919431 25 211802456907844 88 146706588878444 72 155540448272145 30 165762950276428 81 161545813610705 55 220616872368764 83 161176080035642 25 103643278305502 30 241937140461959 72 164634910060039 70 195486858392898 88 188776765596991 81 57168808508883 29 83032466244457 99 192249754018777 83 249774709707849 55 206445547964682 88 181570259650000 81 82044162070261 72 266099292915240 25 195503993375780 83 112614115707645 70 143574484809556 99 164480307127089 55 211433622370088 29 186538081615114 30 181402811825409 55 140357602335915 83 210860258795645 72 7804639647014 88 145369872608929 25 205389888227566 99 212454395578115 29 165262784094548 30 208121396269091 70 173745931946778 81 196124377100856 25 216597101270957 55 254456289222467 70 58824684793168 30 185329167497825 99 195329872817895 29 160940031727617 81 73047367802000 72 200477898193973 88 268735064864552 83 200468208148007 70 255898257409734 29 122925897001931 99 193239721636554 88 188791494892934 25 75229489743787 30 204193580356214 55 163652510702130 81 94809998239985 72 149353534078059 83 154055629148208 88 245134071167301 29
3 15
1276482163712193 33 1320220610153780 43 1282089313918423 33
203101525048399 33 196501742311172 43 224528409271136 33 247206933792950 43 237733204954017 43 308117512699852 43 312980832570405 43 213765135254724 33 219408090237152 43 323007493663495 43 275357823376150 33 186824243593532 43 256158694710044 33 237616083737231 43 228169604824089 33
3 23
654661008483217 59 594142180833739 58 628490691385699 1
72612744514423 36 111183813804296 36 70930366070893 1 46217291917857 58 131482360011959 58 1 53 63224627721609 58 98661745990632 53 141111410971893 36 110597968650418 1 51494091516692 1 69307253285130 1 75359756896304 36 107942136465883 53 56358426026400 58 121409476725915 1 34602653768015 58 89980516601996 1 86255318784906 58 89355850774078 58 90672003611531 1 45024266104831 58 95492762950489 58
3 69
5635367527298663 31 5593329133192486 63 5720884826237430 9
190910298164342 31 200174218533619 65 238609590180560 63 245501464017259 83 138311681653122 92 261452388513102 37 282687785788543 39 255134519468414 9 265449200670377 21 258136103685898 32 270183234319515 1 239657351327524 89 265469279048076 89 321092694050947 63 154726259502350 83 200844446843172 39 276882199535481 1 258167698396159 37 199730541149536 21 282988542191359 92 240891170414198 31 200227659754291 9 241535818893179 65 321649647789039 32 260781171357622 9 245203367981642 39 230983231897818 89 256651940220333 92 281933653979283 1 301190400631741 32 261876551954106 37 266654264633893 65 263488753444237 83 261341806166287 21 211551947854846 31 241056953938895 63 196854544751746 39 215520550891452 21 233712901627411 89 307782286287752 1 288790378962274 63 245895205402274 37 222287696815617 83 264453580953436 31 287844177971641 9 200707182455237 65 196969081911914 32 259461109474701 92 206716778936786 31 290614709046583 63 284788225678386 65 295218611414654 92 271747146973518 32 260293960223265 89 277828868957701 83 256842526496220 37 290257593752096 9 241826734917326 39 218153484166435 1 207439198541274 21 280081398284383 31 306228511366063 65 243361878460755 1 242900430693382 83 246264920353527 9 268082100177828 39 223519699653285 32 238486111750931 63 241602370160438 21
3 25
159441812201292 1 157629328804483 31 146492560024816 1
12421477246428 1 7272875942810 1 16364958420960 1 1 1 12780926176961 1 16127272243999 1 12875901682279 1 5552833347118 1 27862016517425 31 24147279471170 31 12646229963186 1 34565284109166 31 23323566042593 1 15883611134152 1 13020388747953 1 32676389199409 1 38181458240285 1 24403926631867 1 29734858725434 31 22690119721222 31 24664556595366 1 26001687876470 31 9594079558068 1 10398870303351 1 14188637261813 1
3 81
7688247808094858 42 7678567716535430 89 7671908883617721 42
294489680517578 42 281510627876218 89 288165265314435 42 299277172700283 42 291462601836577 56 265508402164094 21 286980935132747 70 266959239664021 89 259598524543598 89 299630766248561 42 314888925412223 70 294889190126981 42 277210340235614 89 309274885583198 89 308017162345834 70 269317352816224 89 280954177019656 89 300181146183329 89 282769545044914 56 287678279805331 89 292605624080714 70 285601320261239 89 290410905478673 21 301858190173809 89 307282780926355 70 283938773957260 70 280153681130093 70 291613311555144 21 305972586810785 89 277828681296801 70 299816542705262 89 303314160686202 89 292822545484368 89 289991585507646 42 257954719798173 70 302406789644789 70 258160058290255 21 271614653336402 42 278924037773043 70 293045574686910 70 281615636329261 21 273697508820014 70 286791782886897 42 271881955133225 42 294243239618129 70 286268158683631 42 297667873896487 70 284494394167645 42 309628479879386 56 284985226626108 70 297041572946602 21 297964531026047 42 291839862069479 42 286338306110183 70 283731330039079 42 267989221578590 89 299262175872864 70 290927794759129 42 282189087112382 70 281563947642674 21 281007303565867 70 297038303541349 70 267931958189302 21 261049416329305 42 265970537436369 42 280315080302344 21 275230455175935 70 283394129608788 70 283281762873272 70 295691804815510 70 314625690763742 21 293298608409252 70 285666047045818 70 266467423057045 56 301176124302733 70 307035261198018 42 273302640216801 42 272295020027877 70 278691527669113 70 285363829616748 70 291163290204964 56
3 43
1896311426400962 58 1888189422445421 53 1882729211619917 31
134520264694786 49 130445635339580 14 139463240940144 13 123672337966845 65 139819217603079 36 124713320203100 92 137759019626939 52 128126994745713 62 127923650302323 77 131857376779735 72 115948495378246 97 142056211417008 18 130362166450484 57 134608142017526 84 126521461923616 15 147014888055242 58 126213131074977 51 113602556379892 9 134799669819638 88 131417020986369 22 153275203387908 27 130857754853510 99 149108328516763 4 140130470233192 86 139972732034973 31 114051044061324 21 135914640413523 11 120351572920811 61 128776084855490 59 129327195849111 68 145920768615034 56 134438170498783 1 128132381004618 94 146072035454823 44 135075237627547 93 140444196812341 90 135620634309339 17 145154669419548 73 141038513577220 83 148695498017276 46 118682653404068 96 140618399455096 63 141187842695178 29
3 29
1860955418210274 30 1863088942943225 40 1977418234519515 30
121009250665988 40 174930005466749 30 218306444449643 40 177930315588413 40 183129830572627 30 226143142538875 30 145807641484576 30 207798982482765 30 219140371496276 40 224554634194403 30 207201341785039 30 102141926487505 30 192478124829606 40 149939350300580 30 203575503934156 30 189244298510658 30 306996362353954 30 207247498625336 40 162916243223197 40 215553282140906 30 279851236751647 40 165270267940572 30 261719907674450 30 184320372408500 30 222933977014921 30 211091471355468 40 258872171976028 30 163534675096090 30 166501038442113 30
3 11
670618222383338 30 690559168633726 63 726920317520461 63
232430040960618 64 172813578503994 63 123032112373312 64 180180404406001 64 242266157675024 30 180931736299722 30 261552978744292 64 198324184271187 64 167274652879145 64 221329124334288 63 142802657635210 63
3 21
264992514793183 5 63797059140204 72 80655126395271 91
78922335662753 56 39140596368590 16 1 72 79692627486786 66 40301318351310 25 1 59 28616479938714 75 1 14 1 43 109595720628566 92 1 91 76363209849371 33 11957595591398 30 1 83 1 57 1 27 93391296229442 47 31188100122513 60 1 17 20916883277083 4 69022392399622 5
3 50
4094878401940115 10 4135065194430428 12 4266396074653865 10
309220685802822 10 222378061997653 12 266520900194851 12 210471193780414 10 248431305694347 10 139721653879069 12 157454950262479 12 350069940546898 10 366613999999622 10 244445972214137 10 217177770335286 10 399454043710919 10 166186369876369 12 331237880398333 10 216120044024764 12 379236536041192 10 304122798613023 10 226890265295101 10 176543911733789 10 84467293169045 10 276158296120392 12 267693396615221 10 239041575703599 10 33848532175027 10 292683658066383 10 314783403421652 10 334501395402769 10 201703185992585 10 184604947304588 12 163170582558675 12 251087329860330 10 391921018676237 10 221030690865209 12 174936088171918 10 279888614368701 10 330803912761450 10 274140395269055 10 325339921198780 10 234193351404906 10 163565104128392 10 256949461922168 10 190251884341349 10 318100696699722 12 121546192168485 12 335575520643265 10 199284264329027 10 274222350915688 12 179027381965354 10 299870057537394 10 245887076258288 12
3 95
9137482791425590 37 9228514835646168 16 9180205734631902 37
294649879673393 37 270852485815769 16 170037400474741 16 279050567477548 16 161691374094266 68 282308497764553 16 238742696739160 16 265463993913349 18 282095474978513 16 213633527889881 16 361089457969733 18 353930879968161 40 276147714373935 16 236154648694786 37 329210469484742 68 240913838406502 37 315703398489979 37 272729942226822 16 281006855721747 37 293261937951099 16 301289934637470 16 280438106481030 68 319498632988258 68 287826420707726 16 207111051641712 40 288753548913161 18 356918883516320 16 356158799148723 16 305950066654601 40 398307594134536 16 397648282688246 16 256468643337382 68 348717979838628 40 283120775017467 16 311329523595831 16 258631383623208 16 300468773024735 18 295501790478280 18 279214903913206 16 249409491630419 16 381774796724869 68 318173550713514 18 341904677853241 18 350587880987383 16 225577017168396 37 309740746457499 40 307546642473732 68 316882806307801 68 305017135135404 68 322482352217756 40 296626312047585 37 394161152688066 16 311756639179481 37 255005835465169 16 334510410886784 37 313556611297083 37 268422249022960 16 290448017097818 37 251192780695143 40 333907443953002 68 256990661572656 37 310330843018707 68 305519491812160 37 354257271524906 18 329352506610856 16 210492971035250 68 329352239450919 68 245889426377921 16 344328742519660 16 375173974215373 16 279866251150729 37 322487410137219 37 324005208284422 37 295518098665106 68 186651642680921 37 318717653682794 68 302928643363999 68 270501570539065 40 239385418071118 37 296025114556886 16 275601048386071 68 381175674784766 68 363315455519448 16 259747658882681 16 245825392818355 37 290916728688429 18 267633877809521 18 376611397443158 18 275597711204699 16 267510652533261 16 341129617413540 16 278156294788556 16 324352709491532 16 362437481974392 16 226307998332132 37
3 18
1652101927857779 43 1581475633219729 62 1680014688597320 84
300805600449864 37 215390361085743 16 390928337589455 28 259764734488512 33 373924720357455 70 363934969656162 22 301116811277001 54 219913737560206 84 265377206520671 34 283628137676381 56 324476197782912 17 356834581142842 71 401320611365875 83 316036729618396 91 507791340883636 10 284270960495778 67 199523735785972 62 223650679351795 7
3 68
5990631294885207 36 6101157330098702 10 6070532789840852 36
250952381445696 36 253770244021109 36 309747987752562 10 250184106812224 36 295436477456533 36 300543142575489 10 187475156029140 10 216665542377211 36 259584608655337 36 277444197805465 36 254222513689864 36 272557525411871 36 233918452981037 10 243386492422947 36 279649478511119 10 301862753342756 36 248079337952541 36 253957631901459 36 256883117642715 10 228462802110425 36 227065508859915 36 276666332505824 36 260561991072798 36 273047022844792 36 257360568828791 36 253206564096924 10 308078435364257 36 244009387661886 36 250891132017433 36 270425407335487 10 278531446044147 36 285776622670054 36 300400932087081 36 267466137439960 36 219439277575654 36 247231790942880 36 268721293847529 36 302622313512160 36 260968072194627 36 280178806371463 36 268842541168180 36 248841311549133 10 292612143095389 36 297976963835342 10 221176785927659 36 241905291215893 36 244024225063148 36 308675652985804 36 204994815716078 10 273555519064395 36 260437507650987 36 224182354430070 10 238583833320311 36 220340402131942 36 244153645083762 36 297134927254014 36 242311588927803 36 267803741209387 36 283161938315020 36 229904589079444 10 290554606575358 10 223829852588447 10 313884413070424 36 332006297934564 36 261675300395829 36 254642908117493 36 306368662295399 36 276880544036815 10
3 47
3492208147871525 97 3645571470516560 89 3287866863823305 53
217582327586140 59 182933825923191 66 157501589645436 97 1 89 338306854453350 59 207461559907741 53 290655886314639 53 288799873593003 59 314069931053677 89 202515627665445 53 308752647471913 59 108789626439132 66 166424021172063 89 262208029879394 53 265118637018260 53 120889156693558 89 109720162489263 59 116907692076714 89 213706339416041 53 228492915549308 53 233914472193327 59 117396476626529 66 237440984385995 53 204713135393013 89 230025161023460 66 138546125703711 89 47437316531003 59 130768449307180 53 140585554768154 59 187960698993159 53 268407098910977 89 287082114606286 53 319754497694745 59 203924562014987 89 516726485348634 89 199353404325428 59 155798975848713 59 131727200481357 53 233620924767646 59 83154021966782 59 218336602028680 59 269715376831129 59 281210598962276 53 68006545152689 59 321372929437369 59 192561926097769 89 228725842653337 89
3 47
3734356417007244 72 3723519232677793 28 3706254655035220 67
222527691985872 87 228669300211185 22 234922410772503 51 243400437488715 75 244255418504494 79 252558640699174 12 232909594637887 24 227622800330557 9 208282527135929 7 246166831712147 45 227742869072121 56 243778855204865 30 217887759971417 32 253378738608931 49 245688130264192 82 233881192833239 14 249653504804039 13 227952567675430 2 251249856627200 74 229243139668981 86 221016781112215 70 229548974838510 76 247137574640531 31 251407845226743 83 206686919272056 81 235250321907369 92 245197436027683 96 231273973216265 73 232103726916010 10 233415051302845 39 227670837964792 36 234422832680111 4 239446404024257 98 219360798859816 63 235101555037426 67 242152429573806 35 253472317532578 61 255162747560706 93 262206887269673 68 254431453626851 50 250806435209709 33 250744692153178 47 259025119725916 18 221392541301999 94 203167915882806 34 256176425589244 97 230722144317911 77
3 100
7788400962788416 13 7682651715440608 40 7742597858468605 13
246898520120017 13 177657939079168 40 272157374755436 13 218766655855023 40 274494671372952 13 167232280957463 13 275724547055758 13 246822511637566 13 195333258346828 40 159412370213366 13 242982906924570 40 247399563343742 13 225807545975173 13 249131952167865 13 156026287011277 40 247743792802886 40 246349488731216 40 241655673297744 40 275182095668383 40 248235268856530 40 181087310990178 13 203276675126585 40 275085046135476 40 199502169170505 40 260904515677009 13 249018626551893 40 277614011273727 40 229096774395648 40 243295898022216 40 206914772849692 40 203527403303211 40 192151982145914 13 216279286143152 40 180679185697240 13 188436241354010 40 232276827338750 13 293050839760030 40 188654786391299 40 259928917693867 40 286861654526459 13 193646880975425 13 228996691058746 40 254768272519465 13 154334411540321 13 155317850501965 13 257896325896730 40 252214000233921 40 244695287496240 40 255455881649363 40 204038158335157 13 326734885423199 40 195978340447260 13 210198085035726 40 226676481776461 13 292600565110855 40 239127849091450 13 293026799801984 40 127327429840249 13 227639723525913 40 333883613350530 13 203985806918496 13 199031291581357 13 244176570159005 40 284906244102291 13 211181655850506 13 153365639320726 13 200341823615796 40 201960847650302 40 281520856718600 40 271550669527476 13 268847445534306 40 261443260847575 40 228277752488095 40 270028504190497 40 230457811302656 40 184526259371510 13 251931948419867 40 199459006571504 40 288798813565059 40 283438456631498 13 263599118710106 40 153499194634182 40 214090857118792 40 190281600007517 40 233055699177744 40 170356429136298 13 256604062333973 13 268984747697185 13 234706544043125 40 174273041747041 40 276819042309367 40 245946462576846 13 224127027851439 40 263089286577697 40 262092634338678 40 195988778735991 40 279474378116357 40 183097429243071 40 228313734983226 40 202644358420058 40
3 22
972537371513924 2 1152380339984304 80 948562640304892 2
239197373632881 31 257742932879576 2 103709408583577 3 144187661595490 80 24597752346427 2 71316285990014 70 127511937641872 3 38740836947508 3 138213316144159 80 1 2 139061402447985 80 193059658772188 3 171022388817528 2 171608721728133 2 181874699202373 2 181449038782901 2 194456159617520 3 136046496780509 3 101399586091979 2 238414594156363 3 69452714015755 3 135373466275134 2
3 84
7283820864051550 69 7216859503291708 43 7195131719863224 34
175617644280278 53 207537752236236 17 263751591235654 69 126086561435127 79 293384356691392 84 312614565487237 100 318041257613376 43 180936205356140 34 277851579682931 77 265607813487824 53 230748234311549 34 312038299525902 100 258561655556770 69 242199686202597 77 214791380877785 43 144650821686652 79 159618993156351 17 258465275108118 84 198505862726786 77 257256899186766 43 181698110696177 84 337636508490698 79 120662874648137 17 201836554613882 100 287878737302662 53 135538754296865 69 210853070377792 34 233391183925639 53 388389555118259 17 360715046875853 34 261525982257762 100 273934992272062 69 343804303632266 79 235088165608520 77 181576982276519 84 292719535875447 43 208482395667010 77 410189470947447 43 220976918639193 100 329952559360377 17 296981138378861 69 203155609669466 79 276013802292808 84 375435941084447 53 240502534506357 34 265642021318933 43 247878258000723 53 346350928644284 34 236391961653919 17 420781990597628 100 241865947687006 84 258988928283261 69 320371450357036 77 349872911988706 79 366159314745802 77 217153336051377 100 236504556931620 53 265816132440320 84 315953384316084 69 299845230529889 79 271314936125055 34 113100574633211 43 226828739865280 17 428489562778932 77 206598607090186 84 316727334972602 79 251353624126847 34 261486349313435 17 184646576333897 69 142101406964327 43 345247863812095 53 401423636892393 100 245316161828925 17 307587513627636 69 272666732764710 84 405827342878218 53 312818602590001 43 367278596334087 100 207132093886198 77 270728682073798 79 190133434154269 34 237866318272934 34 344631121313875 77 215429532809144 84
3 22
784195276476891 23 803659480867651 7 803763706586503 23
116532256278797 7 107571131456167 7 123256835422370 23 96989868607700 7 108518486355909 7 111412996803460 23 107727301560974 23 106039004513257 23 97705748057336 7 115514785887233 7 103974340067556 7 110747544935941 7 112048930935539 7 115526749290161 7 116608124758001 7 114423920661409 7 97959713372443 23 95446119798524 23 123364560496771 23 118501467177135 7 114852916934302 7 101570563280665 7
3 94
1642778946248873 39 1625321240764800 62 1593071654537336 12
30609100620853 12 28421207723747 97 96176336158154 97 114342655390484 62 1 62 124081000751923 62 10499810775060 39 79839280981294 83 33532959550404 12 71697681260394 62 101030494270883 83 127585825502488 62 76016035317404 12 105815361266354 97 111882231328725 83 25600604392135 97 70933063403521 83 30587298239831 62 38665215434580 97 94323780167658 62 44077412678995 97 51403138777056 97 1 39 4694646336388 62 15844118937506 97 153135310468259 62 75784740389264 97 45194095024732 97 142122538082798 12 20353346007590 62 129795551579765 12 64785050458307 83 58160834915769 97 1 62 1 97 66336750793245 62 45181843509379 62 102012208100070 62 80245598595884 62 84223832664378 97 10807247374661 83 126503046083641 62 117109034766295 97 46490218916424 83 1 62 100585130412604 62 52103830791616 62 86420613760329 62 144982909514665 12 1 62 73232943661452 83 84361882303525 62 109982243297121 62 136991221581240 62 84465801135400 97 65385665644979 83 4035746737520 97 16313164367945 83 115729665235471 62 38931501339548 97 30497893701920 97 96365924847952 12 23837199735868 39 28434248289099 62 51679780311514 62 72799758679752 83 1 83 58490353458727 62 71199070432591 97 84600200668688 83 86174514862416 97 76092050083791 97 8301034130868 97 366212604247 62 56606301196737 97 34900437108667 62 31008821818012 62 89804613233373 12 66328417985432 83 65304766591216 97 63767502119131 97 76721757568526 97 108757127590469 62 14600255999647 62 77400391954785 62 101522441459441 39 34790963440084 97 67972101178337 62 67057386608536 62 48797273561428 97 1 62 61834786643094 62 123479481585824 62 110350231325394 97
3 75
2392289702759158 34 2397381509043418 21 2367695459312265 67
70959328348981 74 96514633022439 99 103809228021057 72 96575214942932 58 76653191274658 60 94302234129069 55 89533541407275 21 82208283133953 86 54239256408748 10 104799148987600 1 90205768292887 46 98397650481295 59 101724888197400 66 68414332519335 53 75131579495466 71 90198223366374 56 120473708632467 35 80629250836316 87 79198663899690 85 96438851545204 43 89187221255633 3 89922559740512 20 61886183399198 63 133467085351915 22 68986652530355 96 118968028302322 34 96509600412858 51 72102434414823 54 105276677905923 90 71956230306693 29 103766296856310 18 115370449667971 15 112140350137548 78 103217393367977 19 120398611823172 30 54733706374755 36 119207123785557 98 91914472445593 73 111574690847627 32 85198968169881 88 80472376412697 7 122990021638230 92 84532914191052 12 70382716655620 23 78646963570227 91 117982170851808 45 88151638912642 61 94947898770114 50 83257875331003 2 73597541276243 81 99566732944231 27 89756456222709 75 102081397536313 44 131195468630604 97 108562989998209 4 111378780907925 69 109617412878376 37 94523411796992 94 87739470482587 38 116807433816782 48 109295469496248 62 74285978827833 93 93308022209438 9 78137022714405 14 148359749043113 16 108015179489402 79 91525217770916 67 74795609666279 70 97130673685776 13 75093433373496 83 89672656956753 42 101267569894406 41 77615063402218 82 86981511912224 33 86193790601064 5
3 58
199873817350581 81 203958360520647 69 195517268713865 81
1 69 1 69 17075133011469 69 14808687473665 81 4840167343258 69 1525564677776 69 13799434287832 69 18082370983170 81 20161585335606 69 19171832650653 81 17438334978156 69 5453159685261 81 10984228091580 81 10063916753697 81 1 69 689990416769 69 12383996727496 69 11474965492419 69 1 69 10066724883733 69 6064625145878 69 1 81 1 69 27781833783250 81 7664799799674 81 4934531567474 69 25339934444161 69 11414395735689 81 27187308684735 69 1 69 22254551806723 69 1 69 12175631021082 69 13900313858033 69 4854895057252 69 12275719500740 69 1 81 16633245064684 69 2701607682106 69 11616431052477 69 14422946844797 81 18624131413382 81 1531856439015 81 35694659267865 69 1 81 14518549977307 69 1 69 17905636596440 81 15499980050934 69 11379662686517 69 13341413145332 81 21723910507778 81 383889334235 69 1 69 11219142897391 69 14616909035708 69 1 81 1387611615664 69
3 73
5368459549147099 12 5389013554791057 20 5347043479827447 20
269295523060316 40 196226642191989 20 239043770371241 40 156536870799256 20 260332999640808 62 162996679426505 40 235928559251189 12 255773857857129 34 278675425747614 20 225105503073303 20 147914329305566 20 218534785763883 20 243096283294981 20 214930129971936 34 201287957555703 62 206000126610378 20 188803521481259 40 279820630606593 12 201890462975995 40 171744624348158 62 201918605360102 20 240814032047940 34 302756926980590 40 239449515423519 62 204909399105733 62 167450865804895 12 200312001174454 40 158574139248163 20 211156910744288 34 205489252016606 34 229364812478159 34 145006162918353 12 216999501809214 34 218650787442410 20 186292279873739 20 248177301617077 12 157121861489890 34 228788679345174 20 216963173480305 34 194426938569267 20 273822987157893 12 224937014751501 20 196320766697229 34 212241035290826 40 224799046940531 34 265670175334511 40 238182064325686 34 222089304801321 20 189035202453018 34 215265013802119 34 268758204491827 34 235326638934427 20 203206599998687 20 199156189144331 40 198166204173672 34 218652805430727 62 281116729519614 34 197311071619275 40 278805179213472 34 282489146835100 20 193619587709279 20 226592532307954 34 176769535729170 12 180498012824650 34 213003641856691 20 228310991933056 40 228559368118672 12 187605361161404 40 216708279279758 12 233318665731198 12 249189575653106 34 261613925653425 34 239769664612650 20
3 92
7620944639241766 98 7520448469366432 50 7705967208010750 37
331269747669206 5 243181799056897 49 260312846111999 50 308544747403102 47 247782599868558 100 140201248625827 35 388560611220405 89 64700409367096 59 242462357579653 96 133280069324593 37 140359180210813 57 277470944183844 85 214373440761128 33 208391837645050 9 241256952195301 77 234475376265845 36 241012982868292 98 232126197097738 29 227463132660635 7 388595007239868 90 216293617114164 45 197721076226263 42 101460580872780 41 250225386429972 55 205991229148768 56 313854437231867 13 322280004706301 69 306380930997062 9 429161220781143 42 223233886246361 69 189176901309743 49 200941286205136 56 287839943205092 29 225875297048050 96 289866158700489 59 161462054520356 36 289513824474093 47 298239825908148 35 259010435084284 90 246643483913632 89 363553850334006 13 279753371599764 98 304187545210227 5 263407862753924 57 122848276559272 7 234009983488091 50 319357114848771 33 284558023275808 37 262716260062342 55 88594737133786 85 341140940328065 41 295469132860909 100 262840839709377 77 295925706369359 45 167046754812269 56 63466674621673 49 307185354041394 35 368506482066450 100 378348442416683 69 170694977177650 36 185081538540389 98 214332010986333 37 307557874066188 29 92174668564862 85 191150112532001 33 297171623410865 42 236505238758123 90 288681327765430 77 270826490024590 9 358859996583256 57 244752374404264 59 311623549673986 96 225818463738787 55 93093603879276 50 193399227779368 45 130461750240901 89 354803007395255 7 116465215174485 47 74342735696496 5 278573597196857 41 315012265490350 13 331431516974012 69 242462227552282 37 271698897766558 41 227037503618126 59 199892532027801 89 225936963446138 77 225431560086101 9 141530288912377 35 249891323729947 96 178577864416489 98 265826952564789 29
3 79
1894729790708539 9 1878912192437180 47 1890791735201983 9
92600963001009 47 63366555919564 9 108624624167661 9 58006674963898 47 18072535323430 9 47554486924786 9 34890996767051 47 71182768557103 47 91392940521700 9 159754618932314 9 71636636492451 47 52065397057759 9 45200213535764 47 51770934564163 9 95092113878497 9 41943562994025 9 86577878653631 47 76144463956991 9 97721483335782 9 84901817099375 9 90516348110640 9 55887751893577 47 76777960481620 9 61206454559449 47 124894592941438 9 96992097400653 47 56193721662916 9 64335391501262 47 132877843416541 47 53506548140557 47 54525251088039 9 107691550288105 9 90239463068663 9 59922332713840 9 61050474268337 47 41129128212152 9 45315254737296 47 123638890015509 9 64034722476576 9 79642673333949 47 72740596544590 9 91572654889993 47 80665955782374 47 89116049286722 47 48844035487818 47 53777880299492 9 147904293621130 47 123198509559212 9 108056903399923 47 18931039019777 9 63349675824362 9 31622221318661 47 124728508121627 9 56004681465765 47 55475252691997 47 33901984954692 47 81123206578918 47 6017906285067 47 39779828515637 9 64939788068264 47 62215870639078 47 59141852346649 9 60838663336678 47 1 47 56915533225448 9 46997686979514 47 90360581267898 9 32752060506696 9 49635511671741 47 40895414687501 47 111778552079454 9 66818707002165 9 77281585356482 47 59896244240070 47 122104717973288 47 136255648516410 47 89626742070023 9 104414752470609 9 44931431250981 9
3 81
6656082948992306 33 6698016643192055 40 6687621829054919 80
230804687478834 62 287497034056267 33 244481559109542 27 284668744440213 80 203998403327261 62 279813237787174 27 245712136232480 62 249484006677973 27 269091156166650 40 282668544923729 40 203777413020700 40 270698888730172 33 257885713661336 40 226654363143291 33 264759571104432 62 250128581470652 62 298535774026437 62 293851469329148 62 248664228303010 62 271647446863648 33 186695627279076 33 253249376553863 27 176558548340141 62 166754525838391 33 287289024043556 40 247481906505062 62 277319577061542 80 245751484996730 33 267805617767293 62 251936012679958 62 271529877352521 80 257431985826547 62 261969803638911 62 251557255633985 80 151966105563588 62 213081779281667 33 239374031990986 33 249099815770882 62 183105103898031 80 248868802781753 62 261216775552172 33 191940240498150 80 227319810791072 62 266874800811059 40 283190267276373 33 268727031213441 27 234524355496770 62 277846849002557 80 212068711163627 40 205714734176792 40 238422994382354 62 233518667762422 62 289890257672785 33 245043228107625 27 256932737635091 33 215938996634306 62 248133589030612 40 311596491230593 40 217468167648651 80 269458798124995 62 211491104942172 33 272841044501209 33 207698598032666 62 267854540630160 62 266921269656928 80 251525531381570 62 266131400212847 40 272984705067461 62 202711353967081 33 267854007878480 27 252947411769392 33 224987618060892 33 243272964895263 80 226988020520124 62 190061036737596 62 242604759375680 80 266417374209431 27 223029209646557 62 243948498340340 33 257947821042087 40 280213452762731 40
3 51
2181168833293852 12 2133496326076146 62 2215861421811357 10
115939280863050 52 160778561782361 95 65582822708717 59 180406789894749 31 171797501730541 72 249618088495893 4 202018929592767 20 83942909381418 99 181373874828784 25 163606836805033 100 146129496949220 40 175814527736324 54 130176248839886 84 113840843917289 62 27175473675521 5 1 47 44098507269297 91 181977289664299 42 183919838854016 74 96718594070109 70 170275218417243 78 78781923367223 85 118494242667597 51 109734613614740 79 72168166401700 7 153746487003282 23 196883539726392 97 95846079908401 29 39260465484075 6 114298519084331 98 114927373860449 16 233110976144116 17 118537961862066 92 67321604432404 12 25700216220424 34 263355652510030 89 57128030891155 22 5180408497772 15 126177320902672 65 26517828581117 10 98553473197168 44 76609564318180 19 218869062175590 71 64318956003907 2 171994957158410 56 119384336814224 88 40279378945342 83 244907300974283 49 58245292914101 76 180646940915697 14 103120468089918 57
3 79
2152581232254696 32 2141684045256344 23 2146010149446424 32
85742321510569 23 82394225149326 23 75752371260782 23 90251871443924 23 80873428717581 23 78436938151947 23 87907443479300 32 80640750332245 23 88073289206046 32 90149540325707 23 74130625866053 23 81591568814891 23 90646233010621 32 89993737546707 32 83879088595313 32 85815160032741 23 89081398697259 32 77019658705301 23 89862368615260 23 81887717747491 23 83802713769760 23 74906605742420 23 77812509742710 32 68422732111432 23 85383586140100 23 79555562843545 32 75036082806431 32 85680377597457 32 92499932025518 23 83156958220986 32 82584071810162 23 72818841268574 32 86106803596472 32 79082035246525 23 85046300736056 23 82830452841737 23 79289951269747 32 86000733867515 23 85588396634009 23 82683440073422 23 77352844791672 23 83037924271152 23 88226987833940 32 83849029362933 23 77733905979034 23 77941891745746 23 72434119556276 32 87139966762287 32 76114129229402 23 84492257209923 23 84263385153434 23 79605821512077 32 87600781225758 23 79233957979784 32 81311847205439 32 87047698878832 23 86194008884096 32 74900854193229 32 80359579266252 23 81050897402335 23 83016738372113 23 79082537572234 23 81663307271516 23 82148940486774 32 88296833759589 32 77400660025663 32 87293617080289 23 87443055725093 23 81950423294086 32 82963242491781 32 77034650046975 32 91207079183810 23 89617597500941 23 82821547840691 23 73946280631457 32 86179890107995 23 85540416525379 32 67525630077331 32 77755586006894 23
3 35
3004414049894022 51 2967031991924409 51 3020178819585047 45
323097867771654 90 182911439060695 90 252144590311004 51 251261323448617 90 196329471298403 90 220656112209247 68 379368917495811 51 175974106924444 51 383982389613253 90 331023945340843 90 216114223533335 45 345425889351112 90 245800158589668 90 238253257099803 51 228296878153592 51 201917031787010 51 314624843263115 45 252235864634228 45 272476226885629 90 270901122764541 51 282664527822055 45 302584729219039 90 186041164796413 60 289453143138234 45 225654507800590 90 257349312873235 68 229374800019357 45 292847020765571 51 240871094256754 60 185634844246104 90 234824630082964 51 238973681038247 68 210627820017778 51 230047859593928 90 177041683766236 45
3 94
8012944050189073 2 8029423086479183 31 7984028167352921 2
240093057836448 31 231687248064943 2 241966133648534 31 254564737306321 2 270609560865686 2 231806392731441 31 261819983385978 2 258813994964595 31 252839574890544 31 234615787862934 2 267398379290678 31 240332182924570 2 244485305309767 31 272933627942577 2 257395127377011 31 262537191546993 2 240036296831478 2 201026573834967 31 242418536980271 31 231125593111865 2 239706452594124 2 248377923234502 31 258881335548447 2 263249093886980 31 278170972027999 2 256277715160254 31 233454332033445 2 247989942726355 31 243467544407932 2 261205510887984 31 272572530566641 2 257116756591191 31 248802313152484 2 254792232629623 31 270994737030376 31 290756274545325 2 227444627745353 31 256764968375306 2 221729935339763 2 246958212143435 31 282894263275333 31 246901714038666 2 277241922571462 31 256479365573522 2 268399375354767 31 251288647106753 2 277632013652208 2 243146644430549 31 277079192195255 31 245179763549906 2 289850799994097 2 317901259235296 31 265411131637742 31 238388814086639 2 256161115924935 2 253522050225839 31 252391884242201 2 262166768328010 31 245604817237718 2 260905765687256 31 219343148254793 31 280330013381782 2 237550994589688 2 264374379187859 31 249927229506429 31 242689914403291 2 244781725051496 31 289946971488423 2 243439513102473 2 244906427723059 31 248985005194676 2 245864517344807 31 247171883824171 31 275833561888496 2 249631594760828 2 236190323590521 31 267528832838052 31 255248427105714 2 256021049231129 31 274873699204239 2 227769469101148 2 269072817693098 31 268496898522070 31 236708359620633 2 279730572213819 2 292679588873564 31 240724872676929 2 260979554998576 31 288403884385285 2 250533859894139 31 296657570462802 2 244412525870975 31 258047252631249 2 254759301577285 31
3 12
309895210838204 79 370675757139435 71 350895409273425 79
81518357635777 71 121849902317642 79 47004798367673 79 53157189062716 79 73204911814884 79 101718571122542 79 96631129153778 79 92413753083640 71 67133461530143 79 70959209255094 71 61209633324132 79 89305323153953 71
3 22
1138159315128217 5 1128368060127314 5 1158020815890181 5
142718603430163 70 173137703033462 70 175831413567633 51 180408350192923 51 162968190530666 51 193660544108047 51 140983615911148 70 203553051501000 5 130829452757721 70 195696634364278 70 199494323310760 70 125135582003252 70 158056679814059 24 142792889070081 24 142040260273950 70 151171156397494 24 173973089721948 70 171451982607949 24 135837260428393 85 117421153386278 51 124863532580658 24 150994889074816 5
3 38
1174860295245963 68 1353986298753796 87 1348501607326203 33
156724974970027 76 86910406531943 50 219152710846104 88 190034713976771 74 279255406208860 68 54295628637656 53 94673202301266 52 204044203515521 35 169735281788549 24 332994235250698 95 89517169944880 7 18042333195211 91 140247004021964 10 1 45 137826520899971 2 25570072559943 79 223053582637939 23 99877989684051 96 1 18 134249620007855 30 230533441428861 60 94790427283080 49 120450616575486 47 252172967108920 37 9232761295790 63 157922347317328 71 179326415343595 28 4522296857772 13 207799982256229 80 235658569674438 70 127639895637065 33 1 67 1 89 90134992903870 31 172840191210063 85 83921793453614 78 83392001550520 41 24282309650823 11
3 8
514336027757103 73 502600903730810 39 385075468801996 73
47446496232299 73 191893912523360 39 153451603392797 73 149788021580997 73 195398719403076 73 128125702662533 73 117722991963397 39 211719699982641 39
3 92
4750845843059732 11 4722871692162978 82 4782557349927457 17
92968394798782 41 167696878279121 41 258642962354472 17 54804434535678 17 188917151255035 41 171707825573454 11 127314050024477 24 227642216214833 41 88200115366067 17 211345829409154 17 144734418005631 17 156474131422214 41 205714374491200 17 175198078804905 41 165369130600020 17 201033252253002 11 83436197106820 17 156298939324754 82 154280805682130 17 215028030314472 24 198490153924042 41 90574280189706 17 132846472815278 41 69480322390344 11 114813947298466 17 69068536876087 41 274753863569689 17 117359187878663 17 147237359351208 17 179149627136078 11 58915148173237 41 25499295859548 24 156285402092923 11 181305404182027 41 215658497984614 17 205421194538119 11 122832693550584 41 252688018946496 17 143065163870561 11 163707651614346 17 72141331059657 11 177680260766811 82 148895673969801 41 111173990380841 17 157876821192055 17 116664155375661 41 161215231183531 41 206769464344984 17 86549882532832 17 99948898852872 41 103516904666667 17 200224774896805 24 114611156242588 17 190231017683062 82 149615995076872 17 148183083934037 41 53212710026664 41 208167428347463 82 196269577131229 17 88678114791029 17 189605338248105 82 237912953287632 82 153941958350075 41 200174831108661 17 166931732325645 17 43152158609473 82 223299928804643 17 245063065026420 11 195927548201183 11 207582667140186 82 62965557034357 41 281267379490829 17 19509031818712 41 192387914322218 17 153273596699441 41 129854174333931 17 192357131839725 17 107191743167660 11 157511565728362 17 127889649858320 17 129285332029508 41 190231952324429 17 185318456091627 41 170922084195786 17 190127689092192 41 178020662567245 41 248961912964291 24 182689128463921 41 175688446595748 11 148952258805873 17 204618929600467 11 166955222595853 41
3 15
1244586512895201 86 1396911090229297 80 1408882967547688 67
312935920035118 94 216748759954492 44 478705864851777 91 304104622674073 97 167167729292332 46 277547185452140 75 346617303434310 89 338473329596037 72 225608748903002 64 315938790791113 30 298444649124345 15 157038822476801 36 431110443955624 6 197068908111388 65 424399645072397 42
3 28
831751296493876 28 812585584954597 63 822655841894741 28
91409284869271 28 85658055470151 63 110501815192771 63 73410694070055 63 90822530926072 28 61752063811238 63 115704058901709 63 102165669655201 63 103393590219922 63 112041979327045 28 72400455807641 63 76334259022521 63 82405995290792 28 65690601392095 63 64415724101594 63 78115211413226 28 125495346688293 28 98345788967467 28 100460795760709 28 110343280671807 28 59476860789129 63 86514584457707 63 142629865701902 28 61224609253644 63 85694954544464 28 116465287379897 63 64028273851643 28 97589680534231 63
3 86
5949211084605564 28 5924052101725358 86 5893711348887597 86
152932717054191 69 213898848341183 47 136258336435228 28 250342950618502 69 175320487516836 28 269965352864900 86 277287308680618 28 215514934910469 28 194706008495438 47 194533413135216 16 211933302080957 47 201605272287887 47 152258109392584 28 122265680815026 28 177598536494010 69 166190514710101 47 253796440563602 86 178689747798738 86 246913856100666 86 227542477383494 69 149321660685815 28 253787630148356 28 235362738164974 86 146512307260958 16 193206920969169 69 212952724120358 28 189959041132816 47 104622444934924 47 159114619852157 69 243365873434436 47 51168209664450 28 246782719754511 69 290641342581584 28 177059416387368 28 169143871061463 86 265548769658210 47 151471969477588 86 224390004062578 16 143704578976897 86 242365743085529 16 250114682979888 28 237729921631083 86 303155983907999 16 145376077263519 86 229447581970969 47 167160053893144 47 253482641511831 28 293440874750905 47 267119037363483 28 220088342982667 28 265135062380133 47 162543025733117 28 179179275397393 47 217594205830498 16 227180054575268 47 101301169162350 86 208023118177954 47 125681134205296 28 194172983021702 28 147409630294348 16 306822937005456 28 144433372251739 16 226404291083277 69 164469357342545 47 262173953930898 28 103297416211969 86 235331895708095 28 278161611379411 86 206852400072793 28 233747096736687 86 234136323695928 47 322795779016988 47 227273855981426 16 210867621920933 69 215173351267420 28 209413925102191 28 264386543435169 28 255742467649586 28 226201917589475 28 170114603034776 86 252255630840188 16 205000063430317 47 201977330070113 47 81265117436165 28 131470487188055 47 161673685882690 28
3 95
6614387025046391 78 6719743508040214 52 6589937472846841 12
255343733815488 54 211948164607491 19 227363375598150 91 222866550267435 52 230321755941788 75 268560650098541 89 150298859512282 80 267226824223685 84 206373891907939 1 184299465333204 95 211968124626520 59 219299748853280 32 301564497946776 20 238910064373305 86 265217034629422 6 221390460154121 7 245366936411207 51 170249005573197 38 193608083836320 29 220312126054830 67 245183834826167 41 208844446618958 60 233907662759132 28 195100064590100 79 203058396617839 76 286081247112762 45 189911290916556 78 193913220749387 68 269832627544158 12 250754228279134 69 240791652798179 47 198409146983865 74 212974839458546 10 204165491424847 58 284544833345038 31 186711155449078 40 167807359198084 62 202323148504368 80 236059953728448 20 211387196766904 52 223046484406759 62 205954654736665 10 199968867079602 47 279262738333915 19 212219526122801 1 166147943718320 76 279526095890839 29 210174599929423 40 207109367430755 74 197964944532345 45 250966444805307 89 255728341214139 12 179497774789208 67 238746775680314 51 241704484491931 54 230654577636016 7 179396800931403 78 220716160946955 41 179527336202873 28 227910652576654 79 272434657659413 86 223334220919107 6 230390393707254 32 239336622851312 38 196342018342885 69 245038524324672 31 210402611180306 59 238421656123135 68 180659989398990 58 251487231939705 60 192731359442166 95 222109821613466 75 234545448764600 84 232444620091848 91 188058790218971 89 166496745301702 7 180073443274250 45 258345305148877 68 258791135022803 54 240808876889615 79 214677995730232 80 156573804762705 20 219823129653733 32 214501596581100 59 211607499151857 58 216888196430534 19 247600993231758 10 243314324007425 86 171109613151230 47 173951262789665 62 219731591607660 52 258696772698658 60 164468062978285 29 248143357000461 74 178367705564365 28
3 92
5520596965654747 98 5500819584061569 57 5412574602751996 98
138545625642652 98 162835504869189 98 242519324646528 98 155977043383334 98 185034014254422 98 186508088051944 57 215986013018392 57 184134273076227 98 128198995462524 98 179262012364944 57 158736031101019 57 154401921676335 98 283568956420812 98 101106500474399 98 202091147615774 98 177729041698702 98 185825904678173 57 212567194944236 98 128222013944588 57 149963590518317 98 224961613213459 98 121722748102679 98 174647180349471 57 250811314146331 98 184621305731378 98 153826904469208 98 190268235867458 98 201627810113277 57 167225460175172 98 174931587317943 98 191098972311338 98 157346388996146 98 96031204206097 98 211172952765699 98 205479609860347 98 202078029198282 98 189330722006375 57 177151390163555 57 164631216182618 98 203809486944856 98 193499023854589 98 242972532652649 57 237432342261428 98 276449318549432 98 210233882899174 98 210991114710126 98 135610059297686 98 245979299407232 98 150837103530407 98 141727633275561 98 126981962130694 98 167252654623475 98 163164758759908 98 170863683011554 98 253324685632533 98 267900307322304 98 216201236463100 98 255669530094914 98 147218764638777 57 133879686953226 98 134018643577865 98 103230506589100 98 213238075810407 98 120996668236119 98 170035574184207 98 201724723637743 98 208667663409909 98 185410170449949 98 182767888154706 98 244503169417532 98 141800264886250 98 133207325488302 98 208831971064217 98 167203490458473 98 259143702620244 57 140378506759795 98 243484267509380 57 163045040499633 57 153648596156662 98 204312122878533 98 249192852022509 98 104891574237729 98 174674136529529 98 203885440011552 98 141708684104528 98 108819764343715 98 115030793459021 57 189409955387967 98 107126112722260 57 153577230862136 98 121828843487976 98 212170501611694 98
3 97
7277779954948930 3 7281128699205601 91 7288043611633704 3
233209431229372 91 331359643493106 3 287052800652502 91 229621366382078 3 239246268180449 41 79647785672934 11 128526946575134 41 247854417809061 3 208993326914942 3 287296326413372 3 289326582287805 91 240028346325594 11 238681390660580 41 179823754583026 3 249077770760491 91 99491299512529 91 250905865594785 24 139897477170531 91 300078162236345 91 358598349167435 41 260010866703990 91 331290886961798 41 267977312204549 3 305899867521667 41 254417367371394 11 290024962904836 41 216764744779188 41 147195786027764 41 257386896133491 41 232003736231112 11 173657806707506 3 188167560927917 91 271865717210888 41 191736335258546 3 291011418417598 91 168185265822134 11 303194162986877 11 173394823283298 41 218298129871378 41 241454675922785 24 193852650179395 41 295607494484955 41 263674209374435 91 223103697590022 3 291339787426631 24 270629340591505 41 274740373993310 41 312100083972676 11 187959267562920 91 150215047473142 91 156644828572195 3 178091067750851 41 162538153463063 91 322284555435605 41 189568629410350 41 262868906802310 41 245178914440627 3 208847109548530 11 197826461252983 11 130043975375955 3 232215104678037 11 192939958613535 3 99935282172513 3 183280912679166 41 297086392275319 41 248946227650511 3 254520638352458 3 226994367762212 41 276269983333027 41 272593921772145 41 229389351254529 3 184152769891834 3 235667185376278 41 188077948597149 41 196356887665759 41 251347767542548 91 159543196520934 24 159419367045710 3 157038949099696 91 335963246836462 11 333918962809552 3 313742030506735 41 291159017404994 41 93466315940362 11 219282854131269 91 267127185954732 11 224093404060519 24 219863012619943 41 220569179118957 3 231416752163979 41 186034465113269 41 138072460909235 11 257140671844597 41 302724007621779 11 212501270277114 41 176905973738855 41 348506610671995 41
3 14
1170432345009086 46 1207521851322456 59 1179713399946443 29
237887637447378 62 226307381767581 51 307245400616387 39 300719839871858 67 223021451862195 15 159084789386644 24 272072131113411 99 267731144932807 80 271475333320995 59 270077629323601 90 285517331862305 97 286979895318820 46 310478612891937 30 373406158011614 18
3 43
3534959290284831 21 3333001041176987 28 3219862802740560 21
213201903545607 28 215552776198486 21 192500643289729 28 264650389278495 21 72771534322737 28 282833165893354 28 201737398897044 28 110130346788864 21 151733232280341 28 232814622110507 28 115106384969689 21 188427779052943 28 53449952737403 21 102538420298596 28 270555444285311 28 47535998879998 21 220744836475057 28 201904604452643 28 248538722229032 28 260690143744687 28 122581844380456 28 221986799444027 28 239181534644712 28 169991026511113 28 420564813344939 28 106585337650395 21 190308183790996 28 375156185709043 21 171598867120878 21 253004175134481 28 309596522669665 28 244614852450514 28 303471269586228 28 436251756322221 28 288465774134432 21 331023800401661 21 356040906869136 21 374028584894431 28 402579040643729 21 238466651088587 28 178559160450278 28 162495282431735 28 20770478607261 28
3 55
3751895320768154 95 3767815315492259 75 3779383699416556 95
187146824598803 95 232685539835929 92 210452997893672 92 201083389957781 92 171465994358245 95 252666002073794 75 236181160321748 3 169037973662645 95 192651197751867 95 208546123696457 3 208883788096766 24 216914803083537 3 228153681160379 95 196166458234174 92 178694733065186 95 220686703628553 95 198705831728859 95 247816242178002 75 201383445581763 92 213857320401363 95 186518589868273 95 200040729571868 24 200275423020173 95 196735588055818 92 237854812218366 92 234227679517776 75 207681465664358 95 213477086650042 95 204699546843429 3 199939647108450 95 186811021182855 95 167851248643005 92 167007130377717 95 213431640381622 92 179816399771529 24 225534252500928 24 228071840358881 92 228746493866582 92 198402551125110 95 176587347053312 92 234124955913469 92 218011531182096 3 229054247811581 92 218253686559154 95 192134116776300 95 164947333044333 95 189836789892709 92 196140329381560 95 162665852333767 75 210047693214399 92 232121319563314 75 207738678591518 92 157500627125674 92 195074370370509 95 240152208765260 95
3 22
456019099731948 13 380825531133955 25 563632348975586 96
149885700426842 44 211641638109674 33 1 52 15304742966684 92 106989814045299 38 1 97 1 30 37130220255715 13 37947070060229 59 353010297957 43 48203698784548 46 84692786182272 55 78872049484255 87 1 34 43267704259899 18 1 16 133961906082265 58 144337696835639 98 184110689510734 82 33220431832282 96 38081536420838 6 66935216265920 7
3 27
179569196691953 17 189745916770073 52 192855528390014 17
1 17 54624057339494 17 1 17 50510981437907 17 17081816485443 17 1 52 33205230272834 52 19351632010610 17 1 52 19488458264786 52 1 17 1 17 43132656477215 52 1 17 12736835368746 17 1 52 28408910780815 17 14668795557404 52 22021540327435 52 31638294170333 17 66115611502171 17 72175471325010 17 1 17 1 17 1 17 13394868685700 52 9627011301652 52
3 54
1310853348241772 62 1405882196143641 2 1360667872229579 62
95595567557624 62 115390378157349 2 169733563925473 48 11880132314576 48 1 62 128542739688786 48 205519398703510 2 1 2 1 2 117891941448192 2 209198616412550 80 74533933885744 48 1 80 156590268155888 2 67974494864020 48 1 62 61873499511620 2 134022075270545 62 80426874617193 80 1 62 50881889902869 2 1 62 1 80 55482290468345 2 123575279185814 62 137936640386015 62 209847270220590 62 1 62 122722657582354 62 17203183970817 62 14727146911559 48 75164767400911 62 1 62 780939260220 62 66629520811123 80 239286325221957 2 8569542319800 3 114487634515358 62 196481355702495 62 151210988230657 3 1 2 1 62 94386521410766 80 200868419736984 62 56611840239124 62 277670782287778 2 125935635891709 62 170172261023122 80 1 2 161937098075850 2 268256173210828 2 1 48 1 2 53368961744841 80
3 44
740483217803559 90 656559232240826 44 716284100808699 50
1 97 46957128517619 73 1 24 31563139170931 17 45894325225771 28 69867092438572 12 109162969264585 44 142770262613007 57 60328743259526 39 84626093086671 37 1 43 44588820025217 88 13048960577386 68 1 75 101321552664953 6 134346255131020 67 23199202376393 85 111245330807521 8 1 63 55622695129746 30 1248356014381 100 1 50 114712704495019 74 62998562894938 34 94731110443442 93 23033298006575 66 94347241440672 7 91446140976882 58 4163563556572 54 1 15 17093270694850 26 38093271760304 90 17265210681923 82 45954660234066 70 1 38 66677855452950 57 3787637065064 88 10760192760484 37 50761055590970 63 105737002951751 50 73986372514480 90 73418949921376 38 92771548240140 82 29822503131372 68
3 44
431484761060904 39 408413651701472 63 423063573729803 39
17642619480590 39 16065521454573 63 30609618990633 63 26643964786478 39 31667767777908 39 15759302169110 39 1 63 38535920084641 63 17616658429213 63 6299967363150 39 19843574414737 63 1 39 59757024408202 39 26712061803804 39 38401289416370 39 1 63 37262233526794 39 14757836595095 63 16944224358809 63 42457390561776 63 56662990966188 63 45887751366403 39 33760972140397 39 59468521157335 63 22542927190524 63 46652006063063 63 38881270277520 39 3633584220493 39 8437405525782 39 43532210296005 39 13285359324372 63 21736777855982 39 57530052548914 39 7211887931034 63 6173597135716 63 1 39 30086577608719 63 20698786348264 63 15349439552578 63 47869397156711 63 21576030670270 39 20847683246651 63 13287712221735 63 32404984607614 63
3 36
3074426992846318 6 2962770752069261 77 2929517902946513 92
362350966371637 54 338427437621385 54 224663811865584 92 119898610001162 92 389459764742145 54 452037339749073 6 409187333159477 54 532383762661211 54 300965982196654 6 309887762992906 10 238985263972573 77 163795989921806 77 416899851393121 54 353675889692447 6 187007327028849 92 208432364625833 10 317121084407520 54 162462216597296 54 377361770521992 92 246421294282981 92 303339099159081 77 259792282759799 10 271187090609853 54 257766574991958 54 292640716538373 77 351434930941911 54 313890547482999 6 213410303639363 54 162285407279506 54 211875815585179 10 332248466027984 77 434781933022604 6 417012961393857 6 313368402218620 6 316843393659665 77 222794712786003 92
3 79
6332630145269349 14 6409614643556538 72 6298774835493148 3
108679177443580 16 304894486317536 73 256592786560913 21 308170830001841 1 263167359997020 65 279604076807014 92 127418496020671 47 297187466991939 40 283420092563129 7 167319219106475 63 198085221574094 86 168490039449932 19 165875855813431 77 263109880905635 69 271104268328904 23 270953609669468 46 204917556134465 78 212102129965840 67 221518527699417 10 239502465081074 48 179554643038321 4 296478602637471 5 167974071685608 13 211989885711378 12 228071987191854 74 317559203155338 55 202981033103631 41 207413042947700 44 271211135827249 35 248301889978941 43 254850091636843 8 231979751945051 100 155591608174792 2 242200409928254 56 312078014643184 57 198205822847185 25 267508771114894 58 215481713474095 79 214124570448599 61 339274016133783 30 147232351253286 20 244942935601879 54 265525691729630 59 265024551928754 95 258019229321181 98 240373108953146 91 271411369606680 34 214584278758217 39 236030562239717 70 186538733517480 88 299637953495543 11 271993576487817 22 312080421986748 93 273779145851131 15 228468924678009 38 300487911366881 81 269277819465810 76 340230661012184 36 347798956931480 96 285188782122416 85 165644617443013 42 252803634102096 26 293745801098568 24 227216362909855 87 272021107814078 45 243110694871532 50 266014956267976 28 352080626048589 83 298863438463216 29 231860308133856 75 377313459393776 99 192968962257603 27 220162708794998 37 242399550124881 33 198492268845349 64 147466895387454 72 271349677940792 14 179952787443063 17 225732128928349 18
3 67
5910177665185173 75 5976936006246972 9 6120392691093434 75
189507426586895 9 223382446479787 9 179983108552144 75 304572896759702 75 376797696713051 75 378449871366152 9 405260304727490 9 306875612650955 75 138750161027049 75 258792642195912 75 182653247087132 75 255457019624757 75 197952598661915 75 268406229755681 75 278578467808872 9 213678532749656 75 202995540334094 75 226304304921295 9 364194682161023 75 247802608552330 75 258652172754554 9 210814467243316 9 306859337810703 75 298445873228740 75 204352663351580 9 332313312386631 9 266552051352762 75 347417294494800 75 220736864751769 9 346679169957636 75 293986054254678 9 325315458269878 75 361441347842437 75 330983863326417 75 260721462924328 75 312228975714423 75 246595261476618 75 327672477217238 9 237450537582781 75 310418133280611 75 262766377191365 75 229146524131587 75 232700260484501 75 246251059667207 75 424022056575272 9 219399867392555 75 284943527950176 75 332732712691593 9 158922947191516 9 228802173164594 75 255017013941985 9 270271493028300 75 270821998687550 75 255894305671945 9 342848779781518 75 209413345129741 75 168216823889022 9 274463109054915 9 217103512197202 75 322648493070423 9 275859058350081 9 340975109075665 75 233857438514398 75 345173428653400 9 384260672042108 75 242077843169339 75 260939522365390 75
3 53
5182663158959179 52 5181848333429115 71 5183517173727863 71
296745996260658 71 293571499117779 85 291971482808587 91 291765973786495 52 293194840657177 91 291525033874834 91 293541910465243 91 292278227000114 91 293697163883173 91 295178269897503 91 293905977940077 91 293672541831515 52 293361307700920 85 292927353375115 85 292824815634289 52 295715454669834 71 293805168095806 91 294833427692530 52 294917876096552 91 292463064623181 91 292941997033899 91 290556171203966 71 293572907889652 7 297683916062519 71 295661712360173 91 295814862896288 71 292824576038220 91 293794533475670 52 293276782408513 91 295515169725969 52 297154690818443 52 291992900223432 7 294213986219092 52 295967458265626 91 292712635875947 71 295459612372598 85 294032066739454 52 291689244355559 91 290119434315571 91 296047761202844 91 294203161972983 91 291067618443900 85 291800944397314 52 293930177969782 52 297039511016165 91 291887376616717 91 293831948994003 91 292475684959801 52 292080807978433 52 293656726226855 85 292036896997652 71 293140503254603 91 296243106411313 52
3 12
696937762798406 35 717038177132562 83 696267154594959 77
153710916040257 66 208901751643074 35 129840337315477 78 176528568912480 41 145978603364274 83 173649300779156 8 155446772142418 37 185677668628176 68 137421812245120 56 230753772380756 77 172099971015603 52 194372602122730 76
3 29
2412365824826367 3 2343471338573562 48 2283094019606256 3
168990959235745 3 190605694419513 3 211689930164639 3 243190310295172 48 274546664062210 48 201675066139564 3 248911500070733 48 266719674585671 3 327220221099652 48 255030410964764 3 258959078193711 3 186795035859103 48 184292723304347 3 265958190464987 48 174922918608778 48 218066737302822 48 234683887490703 3 279766410251616 3 195705893621934 48 273880555603873 3 264494260154495 48 185074446269952 48 302537606448615 48 221377392628099 3 266521504432275 3 179015542507456 48 157222785073472 48 252183599665494 48 295466769143551 3
3 72
1256588207840161 8 1141700372342853 95 1098364244869229 30
72810165961839 30 64418178744547 85 8857374736720 79 84458397583441 79 119659191352271 8 97695500456015 79 106288764785763 30 114301237179704 8 54699426830354 30 58789377771142 30 129583263591425 8 162772579636604 8 1862687341496 8 1 79 104464869637924 30 107790018143616 8 95071553425917 95 107989009272867 30 67103519830967 30 131037036842911 8 51968024782414 8 51791980339216 8 2228221802576 79 62532579678435 95 59964160396215 8 66988125680136 79 24045010625332 79 1 8 1 8 100925861681463 30 1 79 43898861804954 8 1 30 69009193185605 95 1 8 137143633320022 8 30447384147297 8 1 8 42245951462931 79 79305039128197 30 66022542917028 8 6117242663952 30 123346940698768 95 1 30 42039561851217 95 1 8 68023380733970 30 67802636674213 85 134948754874296 8 1 30 1 79 25292253948188 8 76961480103356 8 16438229849782 85 34366825260165 79 1 95 60369001614306 30 1 8 2653755532779 95 77993540201730 8 156302132180638 8 60346875621250 8 31675724898374 8 106464463331046 8 1 8 98710268336601 85 101500103258115 8 139950616081112 8 1 30 1 8 72368505446913 30 61997944111571 8
3 26
2177706810117218 72 2073300296912523 64 2203694472058295 88
236106745896544 39 218658636670158 7 312920116793465 33 287305912774207 42 303095015053103 57 266495058604607 28 282079549623257 40 349128650173059 92 185690915992164 76 236358522283325 16 218228755845211 44 312765560947195 86 219660822542275 87 209537280653218 4 245877254205378 75 142627586257290 53 298753052282712 98 314234344537860 21 408376960220986 80 356700931185302 90 202847809839479 34 173364769336099 47 259409223649777 73 329002433867248 93 290797459402462 95 284799519245728 13
3 56
3583864156464297 100 3542604046087916 12 3600713326100367 100
260992160478545 100 251622559576942 100 234228377535539 100 147160522959611 100 171516841836958 100 160630212610858 100 238203280987201 100 179966141302512 12 290750903643413 12 282353178506527 100 137311011701155 100 93003318985825 100 189424467443047 100 170195149562717 100 166865501925293 100 164058786084083 100 132026259371056 100 317734153254892 12 168712070939320 100 308184781242005 100 185146721073311 100 219234202409214 100 189259151552535 100 138713324372004 100 217260912919181 100 63339070259536 100 63541149408516 100 1 100 110926291371575 100 113803510442799 12 135547448329407 12 287309889892974 100 236983136042154 100 142504380840180 100 174789269544523 100 23103430050070 12 211448213049307 100 282623942012533 100 206457466252014 100 125323160061232 12 167198817132276 100 109691744576384 100 167894881304985 100 186549607832296 100 201742356537517 100 174197312878033 100 242583871268716 12 143086022371768 100 185508742012968 100 246163400817472 100 234829409337378 100 156541186001293 100 267700187533095 100 283121497291435 100 223220005052232 100 203714807913033 12
3 71
5331044384044116 80 5321331168507258 66 5326106156487865 80
198206609092522 80 261770757152447 77 252104015563806 80 203040003320900 77 254110448543345 36 232313533327564 66 235998362645964 80 211609335371168 80 226759049194095 80 245652061547785 80 236201719156941 66 243898731555787 77 233954706094804 66 218481948079100 66 232246871448788 66 210561795905650 66 240584829621781 80 258717413642526 77 313619581548566 77 232089946070062 77 230519040377061 36 229276216462683 55 240366717977484 66 271732436023321 55 222534138632347 66 212692848365042 80 257092260817799 80 255186033700519 77 218715800386124 36 250577166993586 66 209767845816442 66 222218552249697 77 258000807589461 55 227475055540277 80 231217882035425 80 199261254433027 80 230120782486736 80 228350563817032 36 212818856892070 36 187041372494397 77 244706096857287 77 246453024762979 66 191504069643416 66 252155623065412 77 220673570957748 36 196951011278273 55 218299090070550 66 235118788740436 55 251775203636940 36 227789813623726 77 212224140616771 80 224722126627852 55 266795263604848 77 193548277555493 55 209384034768036 80 264590740133451 66 223953972809128 77 227274158133168 55 194797883179263 80 214078761010667 55 255114200442755 77 205700739123558 55 227468511388676 55 194662017363244 77 211810504972314 80 221114594095047 66 192321071221903 80 234165836086557 36 207990712638353 80 205363343246248 80 238599730796091 80
