100
3 3
10 1 20 2 25 3
10 2 30 3 20 1
3 5
10 1 6 2 10 1
5 1 3 2 10 1 3 2 5 1
3 5
10 1 6 2 10 1
5 1 6 2 10 1 6 2 5 1
1 1
5000000 10
5000000 100
3 5
10000000000000000 1 6000000000000000 2 10000000000000000 1
5000000000000000 1 3000000000000000 2 10000000000000000 1 3000000000000000 2 5000000000000000 1
3 5
10000000000000000 1 6000000000000000 2 10000000000000000 1
5000000000000000 1 6000000000000000 2 10000000000000000 1 6000000000000000 2 5000000000000000 1
3 69
5710560454277324 84 5710646620255308 91 5709888625457605 79
246936638241134 90 244634735207051 84 251022466505285 84 248894928994087 79 249442702986200 79 247481317521726 79 246821008302255 90 249082281806013 84 250126415817170 91 248094743120174 79 245996800281289 79 250063913734906 79 246960723826989 90 249770684923128 7 248391219684376 79 247786545394109 84 246901732296362 79 246788535290678 91 251371710737358 79 248266669632981 79 250782753436733 7 243842736493826 79 245845122736059 7 251485330557868 7 251411244591888 91 250742825455418 79 248192091823352 91 248124939572416 79 248145898342745 91 252522187610977 79 250361107932072 79 244711663755122 79 248454623446949 84 248415173793399 91 249454427172699 91 245971480495553 91 251064444910944 91 249339779342849 7 249229207041251 84 251015818524301 84 249421861518081 91 248303460971259 91 246497367385465 7 247556465756070 91 252968355116448 91 248536950773477 90 247110460896805 91 248380585726003 79 248812345101161 84 248893598570291 91 250077861729542 7 246672258375699 7 249345062034775 84 249402954522880 79 248144983227638 79 247996142877522 91 251024044548033 91 251035017841423 79 247003474908335 90 249747284859771 79 251028395552874 91 250931863416840 90 246065886959332 79 253192356173825 91 248112555565875 79 246784277428743 91 249626289501131 79 243750624891874 7 246099568390685 79
3 48
2553409792474146 32 2546316935266703 24 2596518493397218 57
155524733923871 75 119869668136775 32 166243805606041 76 100402765689305 4 130835517321063 95 153046043438308 12 196286599757927 57 152943530359484 24 212563828355744 4 142485220861409 95 12821370856018 75 62767683158518 24 203808464890773 12 110864385777755 76 147086526104802 57 118870474947060 32 137052980694779 75 48886652117305 4 213978749026716 57 225884222341913 32 65831853074858 24 77578721510909 12 147147895483705 76 118990827658856 95 121410912264992 24 195925175480174 4 108177691041240 76 66007227873597 12 200089499095297 57 152679623062332 75 112645424561230 95 193594801544837 32 45791729955116 95 99763285897857 4 160350602601882 24 210373149945114 12 83926745104157 57 49301891283958 75 180449304644756 76 143190076396580 32 222428740592986 75 248023070631677 32 210069006838255 76 138850862542945 12 92470811681163 4 141187907614179 57 270716451037407 95 180120680300012 24
3 63
3921271626304930 56 3813371977364117 4 3888062421294297 56
292889710345184 56 156904436969307 56 223173564102983 4 213491302410554 56 214043024138898 56 66009452296037 56 1 56 147925896645791 56 216168948705503 56 114096155852002 56 204255300826766 56 123220836458395 4 74061871318623 56 134327787885250 56 12985468547710 56 191416552241508 56 244948228604201 56 219186636179770 56 232925362595095 56 211865597970731 56 258049793486505 56 218460145696767 4 207477284863578 4 269901701113503 4 299445098167148 4 180626167618974 4 184706087064590 56 86431478566482 56 244590129279032 4 258021406265661 56 252344324156853 4 190990040559326 56 92913638911754 4 148545317009427 56 109882979664199 56 142718235788960 56 298616096326125 4 186640433801358 56 387911504248993 56 7100810916063 56 203503339529695 4 159865435768612 4 239675925939581 56 248928331721900 56 4901482126949 56 221125616083255 56 104092648438375 56 168570609161586 56 174212745238741 56 75028205460131 4 199545303612434 56 199039740717487 56 199945190915466 56 386535390576707 4 108103112845727 4 103998624662761 4 158434870741546 56 247979013747839 4 126662002376963 4 138323960528020 56 303415944785710 4 236693004001438 4 179118719895970 4
3 96
7247057306908930 88 7084731651172878 31 7168117175487638 31
303417686913710 88 345665815341705 31 266742661122288 51 334349644728587 31 182215200239830 31 270675364979821 31 123446980872144 88 293719914170401 31 129292426405873 88 160379883774781 31 169849842732317 31 300505243012042 31 237625670183620 88 276524454561325 31 249733654239388 31 181151828598589 51 108240297524974 88 289844570964620 88 391797168385049 91 167438519149964 31 66343181046969 51 208231107623495 88 171037663487597 88 275359908268194 31 429884815002637 31 89343091809022 31 153444923336680 31 259048066157217 91 164309544321536 31 218500336690262 31 286738149086372 51 181998067519938 42 255411549289551 88 217601765891344 31 262370279140350 42 130112838054205 31 330410011296288 88 307723106294747 31 157732480839921 88 276591339202478 88 108825080561105 31 230967233188360 51 171758947528865 91 190228342220589 91 213528500925951 51 90501669260125 88 157704919598422 91 192610482348783 31 208110422833276 31 65301918401364 31 194209321976536 31 181148829116377 91 190807527633753 91 151289196979426 31 133997808830521 31 249976343287267 91 407754318746603 88 348699293639170 51 205445419631453 31 190981992436336 31 166408433758985 31 223552935006266 31 152001968717914 31 222717606375071 51 207842239645382 88 324927162197258 42 274390962929092 51 219898762463386 91 103661624552107 88 178743974226504 42 174024679979155 31 203689809495440 88 17841786810548 88 192803719144611 91 226697161818582 31 186953792355008 91 262482938078644 31 185602692517078 88 411019226535315 88 199109887975790 88 260966228157008 42 154278500276125 31 256889226605428 31 190613292188355 88 245962531728384 88 168642427591540 88 258751684445775 91 238759011448394 31 320311637922430 51 227548968872642 42 228360265190158 88 284622522798937 91 343881894027197 88 141710889928410 31 249493302133819 31 311077113465870 88
3 6
36673115036338 21 120159990052742 59 91357586793952 85
1 26 22550811616914 56 21291716106008 17 42252279631725 40 1 53 1 85
3 97
2132126507422301 7 2117639310480004 11 2109545744414763 7
8104789542222 7 85858029833200 7 51415351966293 7 69635273341700 7 49759806337214 7 45313337186596 11 22673337997156 11 126293857516968 7 38624336272385 7 43315370458141 7 139661470929155 7 1 7 72602354387020 7 36048564900286 7 1 7 59761587815094 7 56974915225119 7 16718003868719 7 58003739151649 7 50662386179134 11 110063949828337 7 47930408278637 11 26072878345099 7 94643492132627 7 58686703822412 7 65444974057969 7 64593783027245 7 59100658976375 11 100885840799403 7 130266684527935 11 68788134027661 7 58786223144861 7 100430430792732 7 14240645428596 7 92147695993454 11 82880156619179 7 49866502758662 7 75173824634407 11 1 7 23260379621588 7 45646448463247 7 43357392945588 11 75844029660883 7 108054720843854 7 12991854462895 7 80032720376537 11 105960154544300 7 1 7 16310288758720 7 66642305422210 7 122835228706432 7 82814113932413 7 73420157365437 7 124652199031948 7 100479562939021 11 34450196549146 7 64580739106112 11 29286301005477 7 107732698724448 7 84981982767761 7 8633916756231 7 25599610221209 7 110719166644351 11 111582484052617 7 100138508027517 11 153604217605727 7 87975033860607 7 75408226389024 11 41775549020258 11 61529085483709 7 62069578317131 7 100757071789292 7 24817632185029 7 59147203565782 11 56537612533936 7 59132900464778 7 66906953006854 7 100612993352836 7 40136901906714 7 61160717193539 7 84658236264244 7 94728222540460 11 66888180867688 11 31901046164901 7 92339872378763 7 66716007527474 7 80620261405119 7 94309729473342 7 49484362461035 7 63292305658107 11 45301133587336 7 56491555807686 7 52192294895228 7 20805484637977 11 1 11 54833167601018 7 25313765540169 7
3 93
3712940399505804 2 3679887565137010 2 3759804377244763 2
135292300998570 47 117280077883099 92 95792085211581 2 124630853274294 92 122829065686606 2 92234872557365 2 114685530482462 2 68799496525186 48 127993208794170 83 119506988045043 47 132778162007462 48 97249514505870 2 128515469649950 48 85713208692459 48 149459104838320 92 100381110343861 2 126618256403138 2 132502100220439 2 127102455157950 2 114735268178065 2 94964703122181 48 122294307297031 2 125885933644342 92 155754377190021 2 132799250344880 83 137227161861573 83 116735942191234 48 136422821233773 83 98969564100632 2 131043558396230 83 137717330874952 2 108858431094809 2 135430213261787 2 144006255702753 2 107774741612269 48 128603894049197 2 149636107731966 2 127895704556466 83 132669311188497 47 133731608591281 83 107405848643769 83 124616635362730 47 89825663767777 48 112359288324366 92 140134232877674 2 87040022922052 92 159119040720244 47 96584939030238 83 160347962408654 2 98060138113186 2 119860719568062 2 76625756766305 83 117125515100475 83 89651961529984 48 115051513661419 48 127652897181365 2 100257543024694 48 152474508543217 47 92404973595389 2 112152096414136 48 152367592508021 48 66066095439055 92 160736689591680 83 151411183109645 48 115051804508539 83 104887929386195 2 96284576538475 48 121694820902525 2 138330178881214 2 118260559591557 48 125347687149455 2 107569387759120 48 128433654476374 2 122544249406630 83 114082401458134 47 123318374941414 92 97364666222581 48 85990531236445 2 120626829872164 2 114185215533644 83 106306294146508 83 119376363855888 48 137594404674904 47 147851508119037 2 119473242678369 2 130966012686685 48 142065058620732 48 117657346958113 2 124576292169816 48 155861157568862 47 123687724498687 48 105002328986194 83 112959402596556 2
3 15
1282582483405420 32 1317957542260697 18 1214781152638803 49
366428343222885 38 280998353606647 49 381919516304263 6 388275450065359 18 332547700774955 32 265746400129192 43 363423675156381 93 202675771873590 93 177890217308286 38 302887545816032 6 167471115783399 49 321687579354552 18 318728034291118 32 302864333484176 43 273958569640787 18
3 26
795630719682343 45 823078798657640 57 765430109974571 45
66643195178134 45 120663549636902 45 152493310694532 57 57776810665420 57 51954963153692 45 67724382159493 45 46042188100276 45 154264249767702 45 115639275816526 45 91188157181307 57 53154618690699 45 195446953648207 45 73329683841074 45 81846169152884 45 131331362121823 45 78434247599042 57 44188018081960 45 63930001343743 45 27592541343306 45 55856887658918 45 53093596179742 57 72331056854048 45 124770433994839 45 104081937166441 45 46082678001868 45 42455073292085 57
3 76
6293728608757296 33 6364288891397291 73 6303544677001182 100
292325169698491 33 226945824559955 52 236477720830935 43 247762990532931 52 214515444341849 43 284657531375890 33 235772084978081 100 249902204321226 33 252502121274951 33 247391581388878 73 211117794870346 33 201324174475788 43 292295258268707 43 225014079977990 100 262438645468123 43 187109747750002 100 212899217965969 33 340595446166641 33 199264449938601 33 289095496237724 43 268655327148518 52 252145919768330 100 229382469246318 73 252468745598338 100 199087780511083 73 239812079110785 52 250555786881635 43 294473634045220 73 312844319826804 33 203020030524188 33 267310034718446 33 242531232591695 33 260909829720615 43 280232274673935 43 242188826057763 43 225071675533288 33 301035509952440 33 164814619243524 33 229982331789037 52 260168579657288 100 243604244268625 43 242296923004453 73 212467137894806 33 158945449533706 43 216853546011350 100 260500915833879 33 261433050343260 100 232510694282957 100 243945355743666 73 259007678991807 33 261219298740806 33 299419220608519 52 289478824591283 33 184620482014451 33 245643541528499 33 283557301839158 43 209192204832345 73 185153312583324 43 299879182080720 73 225766823467637 33 227948933218308 100 172115679198581 52 252643436260413 100 268690317560627 52 273411681354101 33 271351244541273 43 313056543349051 33 239256952958154 43 316266177404478 100 246783720755641 33 186491687674396 43 240262359251374 73 295735175621749 43 248438652360326 43 230628241687934 100 227017866704098 43
3 79
7627863797980811 44 7637238771535169 71 7632788781539669 84
280888146804560 64 285351770195738 22 290519820931562 55 301519224572069 21 298383661277630 70 287523685187626 20 291843345033555 46 278660838133281 26 277676103741957 62 292180859932496 14 284417067084738 5 285801515505173 52 284777213618017 15 284981066749435 80 293678318093504 96 276988318172147 74 288309402701677 91 278575015516105 68 300342845129757 58 291906568204142 8 300824081026509 92 292752668801444 78 294078717074461 28 294756541964054 83 285820190523240 71 280772536127468 4 293245831807701 7 280851978862997 42 277488265143207 45 291999244128513 41 284676818940594 50 302795983014104 72 282769418136476 100 294521834837889 97 288517077306306 84 286928540461542 44 279340239246695 81 287917239496876 24 300371584022047 90 278383143649594 34 292058205407867 73 293790652156771 51 278596890796958 35 280792171889887 95 294515033840051 50 281386609885040 14 286057199469218 22 280138243100297 5 296615295940185 58 281601350737115 74 309629806210791 100 293923691126097 15 298599185251335 81 291843893886315 84 291770579639676 83 307042029442782 46 299348338609961 4 285331611428241 28 293602684576031 26 288216340889095 20 281978430140231 62 291573164494977 78 301128398460926 96 296783038905772 45 294764955745729 21 294457041604208 71 294115759583173 24 290293641108006 72 283798646881258 73 307084520534669 35 285533125418247 64 298940575397742 70 290340258454514 41 284269703890034 52 296055614622042 92 298601360938963 80 298153098165025 55 288352853169627 8 297577972096181 34
3 36
488494091808240 53 463558805653255 10 480157068689853 53
44897802813376 10 42437874558823 10 48895805489987 53 40455417855036 10 50968533741614 10 27353084270897 10 44512836885124 10 47063138483978 53 29704181247232 10 29099450608985 10 35601294284643 10 35279255025887 53 52296302625930 10 31991199392370 10 50586694410026 10 33541751414996 53 70603048720710 10 28909918341850 10 55744567777076 10 38327019666869 10 48525216522693 10 42034757565152 10 38376481579248 10 34984538666731 53 24107177768900 10 40402119217387 10 44699725218612 53 31142054769500 10 42959956521252 10 42098957704113 10 42140880022976 10 43127930880045 10 33134328605783 10 51735190816815 10 32775865276267 10 22322603538170 10
3 44
2769431827883845 16 2839960167939561 94 2809491744275784 94
125158922553865 86 278848505181843 86 132447315870966 86 243412411304535 94 221577974036151 35 135515536749875 78 84455421035020 94 116738918405239 78 204398429617889 94 129393847766860 78 175589609767036 35 229115426739404 35 38760523844341 16 194765323460154 86 246152553739520 16 328071122197340 78 298155560498289 86 113799755877093 35 219161797695092 35 177091185101601 94 179299762326982 94 358695125358968 94 239688764414845 86 185784994599715 86 189499081705816 35 138140488056976 86 219175085688644 86 185641581657953 94 210492286528339 78 231786632766529 78 272091420528865 35 155024074137716 35 182833556300381 86 107354296703142 78 242924553478209 94 146615314259793 35 283045755692235 94 375634132141466 86 131964178133889 16 267601961781140 94 273619996701619 86 176450718227681 86 140618263485577 78 219596689386388 78
3 29
724948499843627 3 699372458147217 22 711468918076879 3
239597675955991 22 26835150677977 3 26567430896417 3 1 22 69141929163882 22 90679526523652 3 156009998660108 3 113492913033774 22 1 3 1 22 1 22 42480144054905 3 339644134902865 22 117747027510466 3 98652558394382 3 61836591570053 22 109315671173095 22 113895369171473 3 28039585983760 22 1 3 228234724024307 3 62519033737984 22 1 22 178251126945539 3 116096937667412 22 62413782493538 3 28206788892833 3 190609983158774 22 92108952736584 22
3 47
301508842109989 36 192209916186766 1 266295751981831 36
1 36 86239370373684 36 33131040537777 36 70927518771175 36 1 36 1 36 42707097623912 36 1 36 59761718812374 36 1 36 1 36 30425215557239 36 1 36 6279346479294 36 3851123324569 36 22180781748691 36 1 36 1 36 89722461545635 36 58543618221688 36 35565822615661 36 1 36 1 36 1 36 1 36 43883082551419 36 4099035650742 36 1 36 1 36 45948015860068 36 1 36 2382181867119 36 33541540279783 36 1 36 23208186679045 36 37125962178253 36 28935042128963 36 84615510444310 36 1 36 14222322683349 36 50311462102634 1 44714339673017 36 81645713879841 36 1 36 7086977594316 36 1 36 24564460590150 36
3 35
408225196718089 73 444226629182183 84 444194729402629 84
1536689257762 84 1 73 44207863001188 73 103548504517751 15 47551582414296 84 40854410421359 84 50649298176900 98 25081380761930 73 63338388812802 73 16912847036123 84 100725214808740 84 50023973637774 73 50305000859003 84 81901421940156 73 1299872578425 15 71586539631586 73 136313394014550 84 32402620531646 67 13768056744582 84 1 73 73353819752368 84 80758962521139 73 16676270613013 73 164094054932705 73 60507618443696 73 67431539346542 84 64094789906328 84 52729887988044 98 1 98 145668627582093 98 63432922782540 84 58414615171352 67 1 73 1 98 72685496113830 67
3 79
3319251146951498 32 3372403320497724 75 3295165985202095 82
211409461253875 30 29466871135845 93 141645047974864 32 99373675758761 82 1 75 9616029337419 32 143137651397560 30 222885921770742 93 125106806222521 82 314362371650588 75 86744159556449 82 120094171067647 32 195156399328498 93 250790863119956 75 172801542660894 30 90439618926304 93 157805053981128 75 7239545470430 30 1 32 220875304520317 82 7224955183928 82 24742012701735 32 255625222674069 75 13017671899426 93 182555849121450 30 60448888147298 30 166087387770522 82 144294626767321 93 180971300429438 32 138333024868427 75 18103206081655 82 8558299108516 32 182725461901943 30 12362229663190 93 159149126268318 75 190373670884433 82 176190238484041 30 112151502838252 75 1 93 1 32 109805761810529 93 172835640231955 32 116585220401777 82 106868234412996 75 432834839420309 30 66453262078012 93 25252592422996 82 28953151650338 30 166136136198671 32 1 75 222024603407801 30 89938326863528 93 74683312515855 75 140474250708879 82 246089734895584 32 6492952387449 75 72279236359354 93 129040102181976 82 126999160691735 32 160783059164510 30 152770763133159 93 181884276500065 82 110873165265602 30 1 75 207744468716864 32 1 75 277041109596481 32 184430782073012 82 122728881343503 30 163470893568708 93 66861237541663 30 195457674196285 93 134662693940783 82 124375695588673 75 102586162479334 32 129221010823658 30 98880927705307 93 328306234771751 32 131227804819191 82
3 97
7857523943485582 66 7995288636471006 78 7734705568597865 66
376822208857613 66 337319476005029 66 298826274416210 66 324269720780982 66 272713527255205 66 235415632060222 66 180934991108729 66 268473727002664 66 21087712379949 66 253355479433086 66 288645595945414 78 180370145020424 78 333289680035694 66 240865063427785 78 184459249963647 66 57334469202611 66 393522297899516 66 342116930554212 66 302957508298475 78 184469871824118 66 178169745060096 66 242819463736327 78 265629891709354 66 406454464743962 78 200214193753958 66 168937624165190 66 322971430798122 66 379388308036042 66 213071078222379 66 300076433215303 78 220757163528163 66 339788745653509 66 281091055745930 66 257298682089721 66 269518357358450 66 188514230988762 66 171083549802275 66 180387361254151 66 307670496792746 66 331071715358338 78 259997672621502 66 324120792880372 66 255108444439633 66 237284859626816 66 137626508698733 66 71490106067966 66 249302595342099 66 198970583906546 78 262731575798865 66 309685749731550 66 1 78 229322218160404 66 219954285209276 66 265727506207043 66 254369235410022 66 426891996888560 66 245833658597369 66 352985184374500 66 195331860823183 66 437086045082364 66 363133186327378 66 235408848389663 66 189601789028707 66 262182918381040 78 165907557741632 66 181816678135411 66 216609891158603 66 180813212417427 66 269865247313838 66 250301403896015 66 196172771226636 78 137779387550864 78 280607720578790 66 215974488211005 66 273519468629661 66 255220043431185 66 264001166871007 78 155105186132402 78 283794414405020 66 79440541249134 66 320398155373735 66 99167429961921 78 278283821347618 66 176567716956967 66 230436853314515 66 172107521887424 66 312051741028401 66 163226095240173 78 415385201980323 66 313974947531196 66 340059644468118 66 161473351517416 66 308735252788202 66 234883232646556 78 57992324387801 66 214086702732029 66 167379269504514 66
3 86
4656054209434485 83 4618765714730432 48 4711651716258254 55
133630606254688 55 137173713965958 55 95156913032371 55 182071615629699 48 214841827345205 17 96165163918233 48 150816392794522 55 308744691616976 55 169246046350843 48 103781837382660 55 143127890774633 48 177599964971969 83 162013020188961 54 187516304385916 83 152390154448948 55 18234902354354 48 100835990284748 55 217363925093611 55 161674745251328 48 231239611041325 48 181829685400174 55 123725434135301 17 172670891688817 83 238850761100792 55 192763674416789 55 83869473269070 48 142028205283630 83 98882901109666 55 108023789568978 83 114087561825650 48 160429447173644 55 196186934487137 55 173123435458579 54 210565971692356 48 188930906411031 83 259690675952712 17 190576258644894 83 96265733645073 83 126158614351083 55 113244451922409 83 59593228151805 17 106884962409664 17 94225199562641 55 267260566759812 83 218623103856921 48 108777419535054 48 175254208094959 83 112328596345610 83 78974433450953 83 170204661813879 48 220999984136472 55 178632730078523 48 245329053883481 48 226770611857707 83 73465623451489 54 88440569117472 55 270678125400474 17 177591175423109 55 141636450426254 55 203681243364183 17 204539995433054 17 96877217871087 55 70157373467158 55 182086044333586 17 64135046364093 48 222342668419850 83 173593351697609 83 184267473131828 48 67393507887903 55 255088533867980 55 60077299471264 55 174863273474911 55 229327014259383 54 280639253657241 54 239333640990232 83 213369713410652 55 123688057144921 54 111371087096981 83 191651787137781 48 92416453045588 55 350493701610295 55 201429979775152 17 232021753393441 55 209940036367785 55 175654800109524 55 103005276950614 48
3 46
2054298279807528 12 1946026906530469 37 1992637592689270 22
121966354093688 77 157148262981981 10 148171638420391 16 130758953950439 95 121847996350154 66 123155403939214 84 77656443827691 30 115533572978070 97 136636914498851 19 139105194120860 14 131320970311109 3 94136479445285 22 152503601636434 39 144041718017561 40 209829042204142 74 126864353862724 76 168272809290097 75 106680247460641 57 144639451035074 80 75171017019823 63 144395049326214 42 78180344403586 100 163324926517583 9 80378676032438 20 129178345371338 51 118995519591068 72 197604057740869 35 179283446938508 96 125010312898928 49 95278035973946 46 117321427622595 67 114916524423223 24 137811606863709 33 98497806554820 29 82151129897996 5 201125900293123 53 83661764105356 93 183612597222986 94 116784861004701 60 73325472655956 88 107243623233426 17 115777621983808 26 74506300972089 21 104139004865834 47 147766985943883 64 73186307030409 86
3 50
2874133971772599 30 2971375580782743 100 3193609890672517 30
240011529350416 100 354320853350775 100 98861770946706 30 261293431382592 30 265170741434787 30 174428249153918 30 271824111066989 30 255423539248008 100 249171682728564 30 243072687351870 100 382451452632103 100 289421345550356 30 379445831120454 30 214440992189295 30 163794684086506 100 48275584408528 30 357021970392633 100 173899965707641 30 47344959858755 30 137684046095052 30 240377155133937 30 74216809257118 100 334837119018976 30 228302421538841 30 223828808718289 30 237870986077856 100 110270024096858 100 297586748411534 100 254714005580046 30 102449365499932 100 245497904695411 30 153242594041960 100 154962767666214 30 265661057239235 100 244560893821547 100 179027609554717 30 489564721579219 100 277495627082218 30 267624122562344 100 244099267182528 30 187123619481857 30 173922297009584 100 201153450914704 100 298781630818387 30 272004770728063 30 124213070042095 30 20586889161031 100 208584200924130 100 229865316821895 100 226492095867656 100
3 63
4986136580032707 45 5095090630105490 88 4974428541130798 88
222361091872663 35 217318269355739 45 229963222748164 75 211775080771774 88 127824179670945 75 175351021844673 88 59971704465182 88 274491803593265 88 225720501688205 35 332707800735209 35 192287759238231 88 292499205778000 88 229714836974774 88 374565159966280 88 354593251133150 35 238299360268465 75 261061573165718 88 323275845340653 88 473644008858819 88 386671243542191 45 185708180284647 45 278322036332781 45 491693476899006 45 232754307779921 45 203099474817246 88 191719947365273 67 130651183580824 67 102302764336053 67 456027211831981 88 289075919963024 45 298041126414325 45 300685100007919 88 341892660913266 88 217451832891712 45 250752083375295 45 110537434020978 88 153146441859667 67 304811525230644 45 432082112602995 88 277677466110448 35 321081689352657 75 347351194077726 35 358506579684006 88 172685466737904 88 320604620591143 45 255307125797796 45 261409434397391 88 201753028813567 75 329647824514734 45 362969267202994 35 154117307130706 75 303662315129000 45 448041938517901 67 382079636513536 67 273342079078338 88 135886161583035 88 197769180227179 88 207392876322525 88 247438107485818 88 188376840014246 88 299656986049248 45 255223056216019 88 274964290175442 88
3 36
896732486853775 76 995114427126676 33 894492180102149 28
46763758820859 89 13455005304109 79 1 38 1 41 21039714587766 42 73437865594532 59 36352976543820 48 1 52 1 49 6523864389381 43 1999580554808 78 137709974345099 33 107067228414504 62 1 84 162333628130303 63 157745308145477 18 77488632465724 26 1 35 51504214057358 27 150673859699411 31 128648649026239 7 18140176854070 80 3604791379960 65 13390376464292 56 122423145486420 2 1 85 56467386093898 71 18379781973722 51 1 19 1 30 3759377881667 90 82892345517164 28 80581334376566 70 71447085873756 8 275533845664209 93 152380002545165 39
3 29
820697529540027 20 849338205471575 77 823795353580008 20
122541167086299 20 83914322757739 20 54471237180530 77 99573750593114 20 95250632802492 77 108799170556198 20 83149349888430 20 81095491579332 20 130191831455155 77 68990834182720 77 74499939299424 77 47892550806038 20 84975202288612 20 110484681538031 77 101787176589845 77 91563756054512 20 46247146023741 77 84968643139935 77 73576234773739 20 51130432169991 77 78869711991266 20 74330638936810 20 83389028826267 77 85068341953942 20 106420879708864 77 79153309546591 20 107988558308057 20 69530867842413 77 82946340840605 77
3 39
134935192038627 44 102387515932916 19 117151136946420 35
139078886111278 44 91350835241496 44 1 42 11974406691384 51 1 44 82008588598333 19 50606750038408 51 119007772180043 42 1 44 79855833888316 51 141203911008389 44 1 51 1 51 1 35 1 35 1 42 6807129778876 51 3469008777012 42 56965503232669 19 1 51 1 51 1 44 20191847053872 35 1 35 74213263926833 44 150216317429094 51 31145244598547 35 1 44 73492057898801 51 24943716562510 44 1 44 1 51 42424335550682 35 22371810455252 44 1 35 1 51 1 44 13841134597278 44 1 35
3 31
787971960941697 42 1072212073403303 13 905027537465563 41
100072736589673 3 1 40 47937442765260 42 1 28 62493387089430 48 238098900221453 67 300140248834111 9 1 80 1 99 70363210950765 18 30664832366541 16 1 2 178279454526502 56 1 10 163778914538355 49 191284861312731 92 280382515622482 100 157255191309315 12 176296197471880 97 86949827362034 17 133228373801351 91 254572127109870 51 160965730736446 94 1 88 1 59 1087984916963 98 153703502943521 14 1 43 134729988932468 33 10875439681181 58 97236565084381 81
3 37
3469438191881529 34 3451542974138635 20 3477484234584895 34
310995539931878 20 231210610611649 20 276131612474225 20 255860513003916 34 295008396121653 34 281852787166366 20 287449096254305 34 292979835519521 34 275562117816051 34 298069768379280 34 230928945919409 34 300329360822079 20 305181950728356 34 275334068967484 34 296169684326160 34 255712998607573 34 305464538736957 34 280255167478639 34 314392679674128 34 255804954515551 34 266360325125365 34 282762602349654 20 273912656797868 34 319375184389743 34 233217538431074 34 301896339657351 20 265314515674623 34 261942875506440 34 256362249690646 34 273440496326253 20 258853616441313 34 300022263337618 34 259942402834723 34 304002584546415 34 314544031020035 34 243472059500600 34 283503869479453 34
3 5
49792035790463 61 70236562974142 13 122886734578925 23
49376631943548 23 78304751333736 23 121355924265673 13 91793362365778 61 110081926469806 13
3 52
1364857462596605 100 1334918713643139 68 1282445344295206 55
47012327345534 44 187073238944477 68 133884088649159 69 141070826639908 19 193048492796964 39 61352774834610 57 8003349462797 7 167265847056329 88 73237034310186 1 103109639282663 36 1 100 40610720135108 17 76555453978558 55 53967908897004 93 102927257434149 44 95412380082512 36 1 39 1 57 150147187518684 1 107919103656784 88 124333114431184 69 1 55 125981426615933 17 10569154049132 19 100827159826523 68 21741191580534 100 40452049271570 7 213288224613337 93 74947565225463 68 48234384285529 17 38219631345639 88 113108514308191 7 80714131895468 100 127846630472793 44 129119077610021 1 83751100678185 93 7504247610355 36 178682602293461 19 103833440685552 57 1 55 87850786054356 69 181760561611154 39 47629447054470 1 181988870460046 93 1 44 1 19 67170164819116 17 1 36 86607565504601 7 131099539918002 88 82361977581668 68 50803196776676 69
3 30
2794302780923797 57 2921998615330653 75 2742221924743672 57
291137310485951 75 322117847907167 57 253196674998417 57 311537425750130 75 323274101756496 75 231599463444265 75 227018473081614 57 430015605346790 57 343766602770697 75 346354472739190 75 365307638545359 57 220746310149916 75 298298208601888 57 356664905503373 57 318824994818661 57 342775250961234 75 242260594899024 57 272247754013426 75 247209121606986 75 232966052034499 57 292115881964366 57 186532094072400 75 247310307502478 57 360920211549956 75 296043120450852 57 310770665720019 57 253747135578438 57 197750062878646 57 282778919441435 57 209410349576415 75
3 39
538249192779656 70 598496255725966 88 605345879862656 91
62561950401637 92 39833713499405 91 27547362302510 92 59145068737326 6 37716127855976 91 35170770824332 92 4451935136584 92 52667525668171 91 65122604584361 91 62936636421739 92 35806340239117 92 14231785672053 92 93342326330218 91 58156437944135 6 47805063969751 88 49607654018777 70 46832221940623 88 31078653371642 92 48758086354514 92 71352604626283 92 1 6 59936360170515 92 81463702575475 91 38367258654760 91 21854312621773 91 49956370371063 92 80622854803431 88 11209520835981 88 63665539051021 92 37418585786327 92 61869878442244 88 29294366311887 92 64209191765633 92 60195632899371 88 8579172673347 91 43813352922143 91 36115985502020 91 47926112708050 92 80326259689545 92
3 7
534027375261127 11 514784701663574 8 531333425117577 39
249770900843674 6 241952369265873 78 278047561648117 89 209433086900893 25 225639380340862 42 231968026308986 54 200294324955014 50
3 75
5317024402235450 63 5251458005077068 1 5441225545696900 63
139742419184284 1 373059604054332 63 334246326114214 63 22545673660876 63 275432425943334 63 225877138633433 63 344179775387572 1 289232164168543 63 239676638833340 63 1 63 227550275772735 63 149714274658565 63 275297117559349 1 1 63 309455609004340 63 354805086209716 1 287670444216736 63 318713793928498 63 219889836369859 63 282766137150456 63 234955395911425 63 188737360675163 63 263128644939059 63 115829427391370 63 247771219592296 1 159019614384163 63 294924883674113 63 254505136328548 63 123988903139186 63 361433385705648 63 165310570510463 63 197046443996354 63 263505296321477 63 1 63 60851301662234 63 242134251120827 1 216235593333503 63 179578013895495 63 355845017175026 63 88156802354864 1 183922415846215 63 68851129120843 63 168610708153609 63 268351499987786 1 106366262323413 63 110477108353786 63 40555253483762 63 213540946431432 63 73258473101115 63 84401744678437 63 324809425031493 63 268484171071964 63 358324303673044 63 164410353072067 63 158774497271527 63 172722419414021 63 144368513663371 63 199048470340137 63 246846731939406 63 120091767295683 63 243576715839030 63 280472207394876 63 225300653900146 63 258190185693170 63 309557349054209 63 203642289133569 1 296267703843030 63 140647018848464 1 144253805659131 63 262179921496626 1 282575802618570 63 147384153952218 63 170396493908988 63 148249612937294 63 206831645307353 63
3 53
712381603047634 85 721385045669328 56 659897837415058 56
38467021136165 83 47261925448144 56 16222054366261 96 44518149076094 56 68219546431045 96 31589235040255 96 33730455057648 56 40594732349474 70 54494666853363 56 41420310416605 56 48538342487145 70 57128835982980 56 68765715306553 70 64733719467951 96 63140627683570 56 41291375109454 56 59154191251759 56 28313750178195 56 46896961537091 85 54175824652677 96 44830219250342 56 68875235214826 96 34134491239003 83 37764947836035 83 13081651059301 83 46410653333824 83 45372383651787 83 38539850561688 56 56839690015351 56 6123345455405 96 22242599861618 56 24334255798691 56 63247469831232 56 37191004601934 96 30627886506884 56 1 85 51566652615196 56 74722296455916 83 18525971577177 56 30675557217300 56 66762748269280 70 64461310410319 83 64206547465981 70 50058789259613 56 13546852023688 56 47993375693359 56 39682500507228 96 56820343630612 96 67583347599481 83 23770223114456 83 61188594520283 83 78026648088579 83 32978769877744 96
3 69
4970975967847145 59 4966510930887458 39 5007781300106666 23
176066999733673 94 241198369558081 79 246184480656651 68 226303506125289 14 188002540228097 12 199148261879242 69 210309075185145 50 203227803225946 22 227466209731045 20 226184444248478 83 203679589302711 23 231226460660260 88 224411348329187 84 233359501480539 9 184673885374126 86 211672456266580 92 216565983144133 67 211333520457545 57 224860096231180 10 231971285919983 61 221892640179372 43 221236021236690 19 192522135628310 90 241401659000318 77 220141563307768 59 245417642265682 81 234941909333561 5 243334457080923 64 214897167395074 74 241130791702883 66 190126887447496 75 261002850413193 13 232154236608317 24 233719318004313 38 254456910325875 65 224917966462716 85 174324358195127 56 201837641996363 49 193441765791163 96 204947756753840 48 204517933200144 45 176542092589810 4 254923413248992 52 214324099322713 18 241441756658692 26 219121326679749 1 256158249224127 16 234750568646879 36 248941908456265 29 240123243507309 39 212108481099352 6 207218317539261 15 196144183540702 55 182348804251769 53 178045330107398 62 210088571856015 51 209998912093562 33 240762572590784 34 186180325436107 54 208438101297071 63 206181991693050 28 197286940890957 32 179002453021206 98 217323680341367 91 201415936053766 99 226639530524685 73 209990950740031 93 222370640204797 93 206871858238929 39
3 19
1070734564794406 49 1193160148035984 6 1208147184802944 49
139957718965675 6 203936024127295 6 251193126920288 49 200495589729603 6 181983385971819 49 177667816048204 49 159665135586590 6 257692993225573 6 148919742483752 6 176694336241892 49 182868220243503 49 156023155512690 49 232044187139975 6 221790310574138 49 211321982190380 6 201307824885298 6 233358013100852 49 150032592737311 49 157279983751487 6
3 46
4398335384973199 73 4399748685464096 73 4401856782106650 98
289759195961732 54 287942884312532 95 287150006564604 54 285449370296862 95 288576466742285 54 284559742098366 66 281484183399845 98 285671520755089 95 289092759199130 73 289884021888458 73 279288941580606 54 290227013243098 54 288041836346825 98 286649543582873 98 289328305970227 95 286166283587142 54 284773589653495 66 287404319081868 54 287811714219158 54 287250820834420 73 287730544200648 54 291402706593799 73 286593974583366 54 285326467187749 54 289120030342944 54 284028867678029 54 287170373937779 98 289872975719072 73 289648898214757 54 284219455820625 95 286188234490104 66 285327909225210 54 288364510307340 54 288507001252345 54 282738734795356 95 286511147782211 66 284578755530186 66 285553044963500 73 288189957207598 54 286350022432236 73 286372618336484 98 283997162957521 73 286101431589819 54 286533200354888 54 288076151511417 95 287025346394495 73
3 26
2223314291604918 44 2189276599213634 85 2259031869274038 48
383153341154269 50 101465850156545 32 293572178064283 45 248039361084911 94 133770674087345 58 208322139571863 90 130253807613924 84 238083410473649 3 277609756030793 46 234229186956619 11 435648766551445 6 219709235367833 66 103161011979119 40 340999938233046 29 207268277806629 87 216011276158533 78 250216303444207 18 185604419411478 67 366680296232791 13 12742476826763 39 340892754604481 41 165793502523811 79 187045515572280 10 304777867846347 35 270057389930278 34 305229540606874 91
3 81
7068667780680066 26 6801840320812779 77 7046463441046931 26
271685330914493 26 253364144942690 26 258077040774325 26 293183884685455 77 294489626519969 26 248563703760120 26 270508116302126 26 290413724723825 26 203886552358243 26 212197620275963 26 197028188128739 77 281009385690172 77 198252499034579 26 254020941032904 26 231367517782672 26 297130602802831 26 282415558005088 26 179228071006377 26 165532379274122 77 265645230350627 26 236171962676465 77 320219080017981 77 349218807007297 26 195671645821084 26 236695569505644 26 200053824750517 26 242943551611274 26 320701523296736 26 293025278910530 26 286122246887324 26 266531235386691 26 203607218939312 26 300678951209513 26 265019527852717 26 183608026865335 77 260713507093754 77 294978139286134 26 283090084728157 26 320780364562842 77 286016285090065 77 245561322249360 26 313991240872499 77 296321781328602 77 249244939948049 26 275676706372677 26 261314505007264 26 268848944394427 26 260808379806220 26 246775440543377 26 168471140032308 26 363333139093280 77 181722905839025 26 202666263566483 26 325362725189574 26 185305037794352 26 348919000278490 26 275446514890914 26 292118916144505 26 340744788578722 26 227771075068987 77 307760502846195 26 253499877832087 26 333799816117214 26 187965747760623 77 178997848399008 26 231342368485168 26 316231506928337 77 236765691578753 77 206649014403260 26 295107398945746 26 299558752282795 26 289582065195533 77 220369676780132 26 321222966155996 77 378216540793299 77 196989516694367 26 325928471240673 26 265422140087803 26 173147669105314 77 146642915115064 26 302433794121861 77
3 8
501717438590517 62 484281249652337 48 536066295999574 60
200972300603927 62 172842281573495 30 220005367853985 62 184875470584106 48 156305426744791 60 193637592939557 30 218298373500183 48 208274680209793 48
3 25
1924988534156185 3 1937077267718303 53 1919194354363388 60
235779078391090 58 236934090952899 52 229889423387767 42 220123706251046 23 214165955283776 32 231278933075518 85 233307146884896 60 207123864831810 34 237846072532982 78 230265818665556 24 232108605065324 33 223699546232340 22 218744868875479 3 215495194243544 13 225992233411292 71 243300746666148 64 214246105469754 14 231220029775345 82 233356343223616 59 218693153704767 19 228114889478392 95 244596654498979 73 230633658320259 38 219383801085318 90 235271846097193 84
3 21
1880882405584049 75 1904895316007090 14 1838068128403726 75
224616553450357 75 307719601165395 75 254941785024041 75 282798928692782 75 253455172377961 75 303994592734437 75 289123877515495 75 217901050383301 75 316401313261119 14 239531006870669 75 293864762990149 75 298622055645519 14 276145782531573 75 320948073083573 14 299915828223338 14 285384561607953 14 259108085979582 75 254697121300492 75 256253903582118 75 279254340139431 75 250922061027484 75
3 53
1626518957568987 55 1631053087250135 74 1619509178504298 47
82461983995551 60 80833972667013 55 93751763043989 74 93274242976183 47 92821917756091 47 77756797528402 47 69297748209292 47 102930751514132 47 88840770208590 47 110970155604972 47 99035576443082 98 101409116669821 47 96537831587653 60 81079361360830 47 88910749742708 47 88925949320454 47 99027031237696 60 101495768746712 98 108725116441494 47 100645363007579 47 95161441307956 74 87482938013036 98 112697865932666 47 84793611091389 60 100906186237750 47 85056294334015 47 97148532211402 55 103744544077460 47 87706169729377 47 90644615069844 47 88615024777556 55 71923100234705 55 112381811714157 55 88388770137757 55 103079136831380 74 92023130412536 47 86427770900449 60 104792466079934 98 95815364954957 47 91023450863216 60 87198072965911 55 90799836575606 60 106938321276939 55 111439303596937 98 100219440261804 47 82426206750325 98 86198579190287 98 88731655757652 47 90728133405781 47 95765500591454 47 88635180719625 55 103407689241867 47 113673742908736 55
3 83
2667813498732513 10 2516344150297847 65 2650756352065831 40
244791611516549 58 147729231237426 53 104585051704226 57 129736857270461 95 162407470072375 56 94556932508497 59 88102589787316 61 272148804726315 34 202551481474039 6 72696245745047 92 95176828161864 85 22862721697614 67 98207083268108 25 106864295827997 52 80671489662374 50 141993923038078 97 103402940713505 31 252306307936042 3 1 11 56772480930453 79 42290219873157 15 283695950537120 72 73180458224496 48 246078403371526 49 1 88 163024462448043 93 47782237470957 18 108290264734718 39 181127401709038 65 203451571643140 80 35138337286547 76 103781721886143 47 131220509968968 2 28784536483182 69 251920867562744 28 161621462476077 55 88341140068569 23 88033407255552 64 168032900314053 91 124637255815692 62 1 98 161515019306161 36 92438530457344 71 60153849178734 7 86735968005948 32 116614346188626 60 121651717723770 1 63660949192180 70 50475056833292 82 118957816756252 45 32191522319252 77 155262968981437 9 22991297463827 19 114904718620838 12 150968156669859 63 1 29 43398217686972 83 136252152562032 20 55724417837451 40 151305462044923 41 212000579723974 94 1 73 41143036733765 16 52754858657458 27 24942094355328 13 69811840319844 42 157533012009595 24 132512663295044 35 23043664452868 14 73639181443979 78 157282496583400 8 274084540439313 44 59125035408601 43 250192229447952 17 1 54 131675397737723 22 96192731908135 21 246206860241472 30 1 96 115549801478554 38 165183390449750 26 76965429165676 87 208529334369795 86
3 75
6377824444573463 47 6381840935350684 55 6324664878420313 47
264235458187812 55 166946359066554 55 246363988048932 47 242096546917797 47 245239341904419 55 440267976466201 47 278294481443447 47 290927903648841 55 408929042352804 55 336320710929483 55 185087158051153 55 426168482262434 55 237279373028783 55 246483686291630 55 374729671956435 47 322993622730953 47 311940215446400 47 331621176602602 55 258004000160353 55 179787644385913 55 205114795665686 47 252196472310253 55 263370646346697 55 419938042003369 47 295896628980984 55 286233945029701 55 257402028510648 55 217536004979932 47 373752678546806 47 390854860798059 55 209550277164900 47 364625865051701 55 185637656984763 47 344712514594921 47 332236733476153 47 252504335455858 55 271938239171343 47 257672382504426 55 297909793210259 55 266721135936321 47 103565740642828 55 284461389005837 55 272387192194646 55 240727035059737 47 323352460434894 55 273441863236313 55 273416458735973 55 194718225465752 55 229958275581856 55 315945758248651 47 265091024322519 47 227728824239614 55 306960275504729 55 294839260717687 55 176709068513688 55 204218440759583 55 204248779777623 55 439162062603120 55 132349742155901 47 308003122756169 47 311355528298647 55 246525207500600 55 143659459567522 55 258993934451737 55 162966647627327 55 253543742925000 55 357535356074429 47 188557132423256 55 293036843629276 55 280023994169346 55 186253246709317 47 144462338497330 47 153610719910945 47 283233972950076 47 232725083089104 55
3 14
543519153236077 95 553865571718587 46 535414075571233 72
118867696778068 88 114147493627323 88 109578185285536 68 112630844325896 46 116265585097431 95 119919559160766 88 106142675685075 68 120638327946624 72 111930835747876 95 108357424197681 95 125201166763995 68 114990514995953 95 103327989285017 68 122043247676301 95
3 90
2032644353517974 78 2057299572379956 8 2062963295954877 43
60399818425352 50 95679085191399 88 143858528231983 49 51203857177539 43 73931112075940 60 31189629846610 57 97361249161302 25 114956501511663 7 25959882224707 18 88823764144032 82 66424837828286 42 44071386136626 86 112751505188669 9 32691677158020 95 39778522820270 90 121045513704504 51 59017706753057 4 54442603904249 76 128691618882801 20 17984847712228 30 90692606634339 52 95259307915776 74 55324247751848 72 92126067948178 53 41327973810934 19 53653964877429 99 126496095252869 13 53856527237095 64 51086008050806 66 1 45 102762409303378 47 30383314736804 29 87669963428801 41 1 2 126833796671512 71 60659432200413 68 103162091839406 33 60003236161709 21 46812091199744 5 64348717681567 67 76052697249295 44 1 26 60786112402311 98 151480140362955 54 1 11 116033345027529 62 91991354076289 24 138817967770701 94 98534265812570 56 131019741539912 6 104970613668741 89 1 27 91065304120776 8 96957950828503 78 95233297365641 79 19712883674512 37 74392869515197 52 99784001324489 54 46869441796588 30 45402863508431 78 36348604448472 56 74039896473321 90 69018496807703 89 47011130238055 74 90868497759112 11 119759865028263 53 114408003728660 5 1 51 1 60 87908753693569 8 46298066402620 29 40884695818946 37 77528613429387 6 37627679792368 42 83085191657333 2 10051890159376 71 171955614236425 27 69271246237037 72 70865102100638 86 86220357615991 79 28518375440007 50 129010872041869 64 124027879568872 4 63386102484292 45 1 43 112453356236835 41 170934978773224 76 89154179743903 57 65847088402625 99 22189197350675 98
3 72
3517273705623714 77 3543036407788912 87 3437015045557213 77
181558883835784 87 51536132234712 87 192405596896698 87 122863174876387 87 186560411606429 87 238781541791697 87 338258427936918 87 46935072602204 87 287886036896465 87 145358689537416 77 130767533420758 87 140007644045027 77 35076987634508 87 150302882423576 87 178623942952418 87 111614813303421 87 295623135247136 87 150265379332905 87 8516710242079 77 81388707408012 87 145140524555639 87 210528876415889 87 190603349353290 87 205318036722992 87 321590497341229 87 89658736713806 87 305410327405680 87 87903432035406 87 12882800582951 87 93430213625979 87 246245221261363 87 128726215680551 87 280231294397986 87 198011533998022 87 131675092641011 87 118722351755298 87 241699488474025 77 112386159250725 87 82451327827368 87 233187348930453 87 179675168486539 87 6060026354618 87 1 77 215642305487630 87 212626785167231 87 237627094732039 87 157150341788718 77 169700469535529 87 114204999906708 87 199316704662911 87 247877886475975 87 277163396852369 87 281904509191515 87 1 87 215298507821336 87 331183894998036 87 123803815477376 87 279656107258096 87 151034718428216 87 214202861051018 77 160431189304640 87 97093306697614 87 62329817452917 87 339428355873712 87 158527014430646 87 63149676436992 87 1 87 225856641143751 87 236852545931479 87 212859863049449 87 23501082495253 87 293221576335905 77
3 79
1884175461019544 46 1847729855802616 98 1775678823692714 67
202377857737406 67 113601341301970 67 235397416609319 98 106958015050905 67 112541952686868 46 1 49 162156513907552 67 50091815761405 67 172556747034887 18 104783465968721 46 113922400164747 46 1 46 10715395921743 67 20742472665325 67 161872801263177 67 43067759460331 67 38604606176559 46 173315182962236 67 26347129917560 67 10162711566417 49 30972723094697 67 92211008945395 67 48422659109815 18 28375693586557 49 51312080353449 98 58409998225418 46 97898166425500 67 1 67 1 67 65326464683318 67 117000712133693 67 106177943185661 67 141370830002201 67 161982771021115 67 172885293869206 98 87757254208346 67 23191107117279 67 209843063181792 98 132214039793830 67 140259156489489 18 1 49 36962358834160 98 9040979373714 67 5555613162321 67 186162761926928 49 101523116479287 46 33043528523534 67 86495202751252 98 263173628195710 67 64646428982256 49 140175683289495 67 1 98 33401606550003 46 65800874549609 98 44286323337862 67 1 18 61614331466825 67 166273728924017 67 117410465524108 67 137164361696808 67 59245649352704 46 69885843528139 18 8913475354697 46 72847462421310 98 73221923098665 98 62245427859106 49 60102120196058 18 100357929369099 67 60235582567025 18 176540412753497 98 191770509788482 46 106996581431414 46 72981456564505 67 1 67 1 67 26192803070499 18 8978666104750 67 80836089647187 98 100606656752966 67
3 23
553268102647664 97 624271302277390 29 610056947144450 16
64039439929644 23 121183004603737 46 76957237030306 78 65187703589619 36 101874246899031 96 84418217112982 24 49685052523703 49 106520368612842 1 42644150753044 68 69508697699798 79 16183983784157 66 65415124004352 73 45807524705503 91 87990325436651 41 86051030758911 18 84456164420425 84 8441164227842 90 49497982714195 28 48379126203454 52 75278642695240 7 80164109792895 97 76900079550002 98 88204112770842 11
3 29
788187990964234 69 794977148196075 82 818666268507970 69
42371399257356 82 136373071936175 82 44989835257989 82 113279496936760 69 15218479851660 82 32221902377037 82 88623321168494 69 111209409686733 82 104268829692932 82 190724493067805 82 126049747529670 82 25896619559393 82 134735583315061 69 1 82 79606412983328 82 132124104667367 69 166228388749668 69 42254561485960 82 90665421624417 69 62390926893872 82 77115484150328 82 198846731960638 82 32869206116500 69 73049449585442 82 60178788979368 82 148341107470627 82 59545781862974 82 68005979148061 82 86672063988632 69
3 15
955434749234969 36 837838778186621 40 952248225626951 89
257204228742523 89 282612558506996 33 198934930346090 36 173429473625523 87 150140539438416 40 84294478953382 33 66204453504493 33 280826426002646 89 158268144239408 87 148472108813817 33 272826067944748 87 189058010816717 36 207295509258241 89 262940188100416 40 272089648945128 87
3 98
2783236216172522 7 2775864622585573 14 2779371244610852 41
87573607560346 12 83476083219744 14 98356468589120 28 82337770539303 7 80297594118963 45 86584859432460 54 88681746506204 41 83106251828635 27 83294551838898 41 89737182800241 54 90728065625230 45 80393185532212 12 84682622038486 14 78771831107707 28 73579242342172 27 85521746539197 7 85069039231282 7 81953353584245 12 82048415567938 28 76485223014523 54 88358950165841 45 80592690415586 41 86990397988669 14 83500126118788 27 82787848166826 41 78244674018835 7 79899630134274 27 87885583467535 28 86546210040228 12 82496205389733 45 87777382724962 14 87682084231393 54 87455302279942 41 75382403166664 45 79787677919360 27 78729374397669 14 85944582178328 7 83706859961128 54 80012191315577 12 89857762981482 28 90274014121513 54 86420754313297 41 78883678080939 14 85270600523133 7 89094297141219 27 87786363675573 45 82512563872758 28 97124733148628 12 93003981153563 7 82980756052437 14 86963191101940 41 84593968119433 28 83581281467280 45 85791955761848 54 88157085257225 27 90614067772419 12 87418019666526 14 86138970917924 28 84733115484192 7 82724156259988 12 87265060625750 41 91087647901794 54 89450165880874 45 91526520355909 27 87419061460985 12 80286264587914 27 82197457250508 45 86015851991061 7 79460960713598 41 81777857771936 28 85801318148107 14 87532051365320 54 95910780418039 45 79674518689463 28 78836344632309 54 85098109850998 12 90750680717041 27 83803400160863 41 91257059643205 14 79717494047345 7 81420980981011 45 83730184492901 41 86188040016856 27 86631770334484 28 91249903585039 7 92526867437267 14 88159781066890 12 84722552327131 54 87794298631441 28 81044304196818 45 88341264726196 41 80404933338268 54 89483105560855 12 84943714930019 27 87246783317713 14 86252722759574 7 85271956930246 12 86174295136886 54
3 61
5183118127573085 97 5155987524843514 83 5167596231647577 97
220144904963883 83 250304508904564 97 250510347947318 97 327697015199625 97 173283744262345 97 295580514313663 83 242604497537623 83 244030747188745 83 267804198583568 97 188453858521739 83 105158482162821 97 360886909001268 83 338863285425871 83 89037811942940 83 233799375115181 83 211495358088525 97 229570507648102 97 149647333461542 83 73393720788595 97 192010827397158 83 272440788748693 97 313820879083565 97 283966738942005 97 320559171998937 83 362077563962157 97 318153864298581 83 268560750294283 97 276222656436920 83 309661421253523 97 366966859665868 97 289612312595573 97 278277667150764 97 252967865334993 97 311825110209069 97 77577413730103 83 270446269486456 83 247663176953546 83 339692601158638 97 341607526165197 97 180734761415309 97 274107182223287 97 147688998330448 97 324792545908854 97 254406787292600 97 128894778577729 97 306714337196207 97 99901993287580 83 151621275886725 83 427217009117411 97 232036895874865 97 269905006574046 83 150891979943929 97 298252845263688 97 257122825984391 83 407923846996737 83 261963158121518 83 274976962922198 97 500285013134130 83 215879160259860 97 173428185224133 83 305221094034298 83
3 47
4344416011347103 85 4404899518393252 85 4299286281851030 85
356163628337530 66 278860821016329 33 249128709951774 92 215784340160442 92 256043932188519 33 330313730660033 66 247974792587982 66 221972665602571 92 221684052735189 85 253186745076181 85 251144974120987 33 249039960202268 66 264884268848357 92 201240359594984 66 328262385996558 85 283592555342608 92 198438199423634 92 372611666504958 85 271549484058855 85 236938165568348 66 293773085458310 33 324842506468156 85 191858031304165 66 188266756897810 49 200059118514674 49 311520792798025 85 323653976566781 85 337539714231234 92 193180761356163 49 237146420304139 85 264324397774955 33 245836461487611 85 205671734286904 85 362490207378568 85 330860488195734 49 188061890423708 92 196026221135871 85 272168713223905 85 206346867674220 85 314764491984829 85 240318060630071 85 255337114442482 66 143884394163019 92 309454923131923 85 292261195261690 85 326262736872069 92 316066773100129 49
3 48
3537111322759532 10 3530205938945147 96 3532699764325921 1
231357920718848 23 216422040016626 70 185055225176459 76 211975762603452 30 235028286271591 21 218875179334535 89 212093919506072 64 217508626194415 49 214388570969284 55 213884105461507 10 214263268511136 87 228926556257905 34 218083301499384 91 194057411133099 25 201902728607422 37 214129300520267 22 226205759487913 24 238620604032029 26 213235306977602 81 213664471202491 54 219319006667049 75 229621501138877 56 193977897881708 42 217783421859080 59 226983355153077 72 227668995047318 9 232060303969401 50 232939664881366 38 219411638468463 97 231927155317133 29 230479228511585 96 214947316764875 20 230757259170275 8 228633907366840 93 222241805817118 65 240726787401642 5 206854274921595 47 227867184513771 71 233265251618955 92 206419610442369 15 236157885667077 17 223124283945869 27 224640425341987 84 222017571604577 100 239780722514234 12 226944249204486 45 227197737868022 85 237345442708990 36
3 96
6289011757838234 15 6173068951573881 3 6287012293230248 15
239089951193632 3 215122224290791 3 57315851322539 3 261957869752882 3 222923763800928 3 231112117991960 3 155253632406267 15 205371907714046 15 109664289903727 3 257191329573111 3 269791111266379 15 133689449936297 15 245969241376491 15 242790303273102 3 261425335230556 15 180631741454033 3 259202619079479 3 125491609647131 3 241747234123086 3 278939155667865 15 240031855613080 15 150209742509471 3 185087524807033 3 137394694207970 3 187032924566926 3 240433098807039 3 111407074071290 3 270425353927477 3 251356525521633 15 229529428606391 3 181297793815143 3 230457505121002 15 124713437621420 3 179651672827528 3 53044711983827 3 162903364823677 15 173553409278020 15 182683416932278 3 21994511850210 3 248417499516248 15 79383194966379 15 297492316588155 3 227019382361295 3 142881256375867 3 170426261426302 3 243681844572811 15 164780615193747 3 263163670608552 15 241582242060575 15 118588854096086 3 137530819171207 3 222304995629963 3 232080366771141 3 335313046132341 15 211018052465387 3 137213522389348 3 221166835895042 15 54297384697659 3 288549782908493 3 99241836559857 3 157785600604710 3 182043046818487 15 173454397266070 15 237726975518500 15 220886748497199 15 279688965490063 3 197738336871965 3 223045331070216 3 244751550613075 3 182765163880311 15 232697245426113 15 186088655005267 3 133127829265710 15 199231647213409 3 230115548279696 3 168349953989897 15 249174223247574 3 138230489802058 3 331652686545941 15 235110067388737 15 179621430642686 15 220116691424833 3 244332169375074 3 253737702639161 15 286984009120187 15 108190641266718 3 121173790476439 3 226347066456447 3 192934776444967 3 127939665690361 3 97390662701910 15 196517169140219 3 257853606430859 3 236225809466530 3 63736453803383 3 151382606454315 15
3 27
64264979872921 11 143926234051964 19 218037297303193 11
1 11 1 19 65048662134695 11 58190553035050 19 182910288652690 19 1 19 45477221853180 27 1 19 17432534902106 27 1 11 1 19 1 11 30037363058273 19 150138716341505 11 117410111379497 19 5520982240050 19 72443509104432 27 121036728686203 19 1 11 1 19 94605331488191 11 118554023236182 19 86860725925798 74 1 19 34482630417153 68 98790040407851 68 21196357391729 19
3 40
2064819515020907 16 2173409003962785 24 2058077609942479 73
215810151309833 19 221499756875969 49 115468802876276 72 123285214492185 39 226697409421229 83 134700613900811 8 152548990458022 46 222772848287255 16 123110027870256 70 271363477366260 75 69753268631860 64 176817822773959 31 109797591292340 30 182824309482097 97 255742644552056 73 199878105297350 82 203274541734909 56 91360372378329 18 183098140520111 3 219739154209778 11 195313822945481 41 226374098575123 89 68508800958538 62 20031779802506 12 53797057262124 92 282733651051547 26 225001324547409 37 117588988490240 44 116849431964846 36 282265658902648 42 140206032460801 65 60097997577036 52 168548562756752 86 21766886767837 67 233713418636175 54 88532280833230 80 137788177355514 24 12748596263093 51 38501703590277 95 228886661929066 98
3 56
4006508150910133 11 4009611994881018 62 4009451186299993 11
212886037962473 11 214873285884684 11 215928851520868 62 208627217814533 11 216251293070186 11 207732065094277 11 221086658753875 62 207499488367565 11 216366616182372 62 217572989446992 11 215001726202850 11 221677960209793 11 207957589950678 11 211468943100467 11 220093092741612 62 211889975703069 11 212814076850421 11 213141605329772 11 206558484744341 11 220992434549815 11 222090105364025 62 207743367785161 11 214070974941519 11 219354804343732 62 213483503203318 11 210285354404589 11 207468841869480 62 215319595506558 11 220922185104803 11 204047580458595 62 216180388971782 11 212622118544132 11 221394566091992 11 215422532757503 62 216542703891081 11 217738903237247 62 215734794601970 11 212606780896327 11 211736693794524 11 219660357226460 62 217118910292786 11 216729946122540 11 210258819000961 11 200707535266980 62 215053686378054 11 223505960574992 11 214872376064575 11 204715809963207 11 209502869960988 11 219656890037283 62 218399086257351 62 218117961696258 62 218411915389373 11 212882998890628 11 211942829739293 62 207115440142230 11
3 60
781346766202477 77 884449838339285 48 956679231062203 96
66179235332276 48 120833459515118 46 2203393683456 48 98878632099438 46 38914535907026 48 209384539194764 86 1 46 1 46 1 46 1 48 464424573032 96 122437389202279 86 90103212552656 96 39755091540746 48 1 46 1 46 1 48 215127516954541 46 53566437540820 48 27711539959904 48 139805260751734 48 98538694619178 46 106691421849614 96 1 46 85781089759142 48 142582521769868 48 121708662979286 86 102686607015534 48 92193985290697 46 73413568680999 86 135371858263275 77 1 48 63920109860251 86 1 77 68633431994620 46 1 46 1 96 11638065060639 86 26345809801808 46 29611162149412 77 209391249978261 77 116477383166861 46 164300958931024 46 7607605256528 46 19230494173790 86 38152325033418 48 257941123609995 46 3766815884416 48 63701372892367 48 1 86 37302421318754 46 93384976453098 48 38090524069739 46 98415442829443 48 1 46 1 46 1 48 1 77 65244056859841 46 1 46
3 72
2131653871270231 32 2163205724022383 40 2163001380969886 44
117142975309907 44 32468465215830 40 28637418234371 32 100274542668526 32 104052937901425 44 147045571158328 40 63479689997433 44 127831303076451 32 115129927202537 40 60550113821136 32 106499859173647 44 229615387020701 40 35125455430854 40 156477893570643 32 1 44 161198386088018 32 1 44 102085337355610 40 123803616278740 32 137882747049131 44 109682057792486 40 89250810910505 40 133718701506895 44 142913802784729 32 64562918806437 32 150126958153496 44 53277645703826 40 93742146362509 32 76846047393443 44 135049587846913 40 89320755186502 40 39294051709049 32 65498985719439 44 157671069790752 32 1 40 88101178079979 44 32373108915094 44 183685776188105 40 63889296932159 32 160198166959665 32 125241266666471 40 123565032608138 44 14551007252979 32 141370364866660 40 1 44 281639729092561 32 12469358688825 44 124153615701163 40 88171419137128 44 104083981675758 40 95191152267987 32 5792813435664 32 83132628116421 40 129844617238578 44 60249222661805 32 143861061092197 44 220282182853747 40 1 44 92114032532858 40 42545057315801 32 94752352278806 40 114261736779690 44 114064616255499 32 132546627037732 32 64506222913412 40 166996047991653 44 130088369646141 32 113286478960973 40 61273583689296 44 102834094330611 40 68813048582493 44 101709488345298 32
3 24
1218540955796503 81 1238748048328595 24 1229110514708137 81
156146954833771 24 161925338041180 24 143209490970044 81 149007720647111 24 166067405501336 81 167079976697954 24 127541864390961 81 138475964493972 81 141938447627322 24 159806576436399 81 144779281663388 81 149893697806625 81 142277625233358 81 132720135037186 24 144984384533574 81 155107262783519 81 149698291580204 81 153152410933637 81 158849512310963 24 179513642376715 81 166523642267979 81 154851792425406 81 145655637673693 81 164700109264642 81
3 16
672940813473599 31 679230499422271 45 670223586697309 31
126708811010486 45 124697215980162 43 122962808767025 45 126291934881950 31 129796315387062 45 131174097261592 45 126659994781588 31 128516006083082 43 128113456182472 31 127356683572625 43 131764649729023 31 125828022241144 65 126291313053388 45 128009522629657 43 127497165988617 65 125895062569858 31
3 29
2435057049636220 96 2290249141892485 16 2359339086578547 91
281278185881812 65 391269132068239 95 252746206945346 26 148881035489399 87 150237507086468 75 274307602541540 43 187017136959346 92 267981150685125 85 81833153142406 36 242108812162112 5 320288899628937 54 298093059833483 14 152759704384174 64 155399369322688 62 299639605220931 15 138112617338823 34 279421125125737 8 239802829072898 16 292601450627393 73 284964374314080 30 374120167580094 23 284563412119750 97 338324662890902 4 212224199123721 63 216162834869994 6 273925883507492 91 299506833622426 96 230801478543561 40 295476193746549 74
3 32
1556142809494355 26 1561646286920379 96 1561419545494470 26
152833514786528 26 146095959409582 96 141780884027310 96 141295285452856 96 144361758013769 96 147675489568934 26 140810587817560 96 152797836380853 26 140824941051779 26 137056705677454 26 148233632063990 26 125735841896113 96 154582167933834 26 153426452450599 26 142470281555735 96 137428387466793 96 149235225309137 96 142365078995343 96 149778943995252 96 156827056729128 26 142859447717658 26 150287060026067 96 145061760106726 96 139260318087289 96 149409451870421 26 146199753378060 26 150077237954936 26 156100419086118 96 147745221946936 96 142625119479966 26 139848129665544 26 136985151560762 26
3 34
3521570376891841 40 3451458349520324 40 3221170485586905 40
297195339364105 61 324985479198352 40 196608354017308 40 401339265528345 40 401077193655600 40 349396284964711 40 291181378725516 67 371687154826376 25 209382804738771 40 200830218206258 88 481099959529590 40 147500855057961 67 140914665536899 40 406235752666950 40 319676123383704 40 184863105948074 40 418402370738235 25 160660881134646 40 233084901258125 88 325581239933242 40 314067651689884 40 156763274311888 88 401574581123979 67 212224083368049 25 215026104432890 25 277194742523255 25 221800869394869 88 250246396186231 40 251199431248999 40 248802025761253 40 233932079318086 67 360454282607909 25 343515631316696 88 325682312024633 40
3 39
3184707548462273 24 3255703200042655 9 3291262337770486 62
288207905046293 12 233773680424100 17 254239775799306 32 253147768519822 47 358913062953902 71 327328811658724 55 244001651646557 73 212970222935309 36 248001295015951 79 217807315311818 53 188010828452307 14 269759210465005 33 266202244271358 92 260721327867607 2 231769645078468 65 293941944048495 82 208354124717286 13 324834993663049 90 176253551481994 40 230530740905919 48 258255721146341 24 190398014844192 100 212504135478229 4 255214107156121 78 290059413562854 70 196015816033431 98 194592080526038 59 144532218079185 95 311003683647777 1 189599042352974 25 208847248829098 83 269297286095777 26 300658227168257 54 322738880534814 10 118385805378676 11 229734240575599 46 143870690260665 81 223227438412141 63 251107906117987 30
3 50
1165734198011572 33 1125188699570297 20 956033989142509 33
89285496246512 20 114818352805301 33 40706577188750 33 87641793335677 33 76387842317204 33 56007447538843 33 1 33 85361889011176 33 1 20 1 33 37368805868261 33 1 33 34295624818508 33 145894384301711 33 69126361093787 20 165906743895956 33 57336482306589 33 80705226055115 33 1 33 1 33 68273143192586 33 123234544668728 20 77929514795533 20 194069344930353 33 54500630037836 33 68517231847116 33 76967057190325 33 51773011658365 33 1 33 39512351305341 33 1 33 158395597733763 33 153925874066348 20 1 33 6887906863026 33 79230760999814 20 84370518343747 20 194508511111544 33 142417174132642 20 58806942714862 33 15756178376313 33 4482277064347 33 127511249111153 33 82688377781346 33 60198292669247 33 1 33 82782109570812 33 1 33 81706576076310 33 21583237868326 33
3 100
1407126400509424 64 1412118926732259 55 1364217923010428 47
31237746812383 55 84272918262020 64 25530286331571 64 1 80 56686195743897 47 102940979899752 47 110135238177037 64 56579745930955 55 57934539443527 64 1 26 69407156585818 55 74691079067661 64 45407598444601 80 44601172885306 64 13525730720717 64 9175073139912 47 1246035454532 64 62785823554596 64 42482894491866 47 76430092809356 64 41268791436462 64 46828889277590 80 42528531124823 64 83772628556677 64 48028339791605 55 29711541443537 55 42796982833403 47 27149951158179 47 59483569964421 64 1 64 91785636009748 64 36663451706677 55 39830305420168 64 43565040354695 26 33485265384242 47 1 55 67020731916052 26 32908815057377 47 47072658535536 55 22817547407703 64 58997915464339 26 24981725739068 26 11470573482489 64 47613072761958 47 16042146668517 64 61421335474299 64 44945487615134 64 39426210734167 47 45368399708696 47 12425527457460 64 49017650868109 64 1 47 92169796243679 64 5725469444138 26 41252616281403 80 45993304665848 55 59473671865782 47 26846144364594 64 84140672283573 64 77420398945781 47 85928733549265 64 14216368679966 47 77761242144866 47 56309280625143 26 87216691890588 64 49951964325736 64 60678229307125 26 11303165361223 64 29427351614048 64 37963146027379 64 31717779646630 80 124091579660390 55 11793164702361 64 42135289379529 64 10249106424040 26 53353098682485 64 76110881737754 26 1 26 1 47 43351316536751 80 62590529921307 47 72431423154369 47 54057800798784 64 9578897824500 80 22780079035965 64 49537365282962 80 55511242641074 55 20423509788761 26 26456350774042 64 7525608600255 26 1 64 28717411558363 47 41771816788614 55 43108066217736 64 59161984424421 64 57510535368676 55 74243701432127 55 16008857623419 55 33338093456446 64 18415828404428 80
3 73
1881473805886676 12 1883007867036772 33 1944807614308458 34
1 47 115896837873766 69 33347829085850 27 59460795755695 11 150089590871895 77 65024647614571 88 16400637731845 6 117537386671008 15 1 26 73361397531468 90 88459197389381 67 95480339915745 1 76462606864096 54 67818038858073 2 1 79 8547398108201 4 119485055065575 32 60142116325383 96 23710369423208 14 58596830461111 61 78974414682087 13 120987755609662 17 115108448985780 57 1 76 179192694274510 95 205556223157359 20 137051076621320 70 9083875093001 38 173114308401297 12 41958936058976 24 84635057031608 59 3241037947587 56 69897052660436 42 1 34 120017911385379 8 43704332238379 78 4458114522739 85 62072524112254 94 72872055638801 51 140361174066030 99 114448053607232 25 203847984853788 62 68183752761396 91 135825423457925 97 115418539462283 33 18224766923667 80 122503694902631 92 73662001820181 10 116593547736071 18 63987782216773 44 16281353983233 86 178256802786840 63 15141601692607 37 114272638998571 48 107075017022826 39 1 31 48877662911996 72 1 2 56462611047111 31 136128538476708 92 127823233933448 37 8694875171140 51 43076387006831 25 110976213231322 32 34890445803199 80 110440445169718 88 36524502664421 67 54780962514271 17 93420923288258 4 56355606026323 86 155204092416521 6 59300084188053 8 49800504323759 13
3 87
5454281596108939 60 5456105824338100 11 5460834715322567 60
172655944544621 11 234062210942477 11 227304290858360 60 182813591295508 11 231112877351935 11 193679156525514 11 213560906942693 60 208290742790049 60 195542950678204 60 181152673993467 60 171166644243558 11 179453984978943 11 176527657221969 11 164651109579589 11 215435476083594 60 219602281893327 11 156774755966280 11 220744462931768 60 168749715868507 60 146501011809621 11 186083067632826 11 210902883874234 11 228922030104649 60 157072767651549 60 181854548790620 11 170953981898044 60 213586955793394 11 161774796135716 11 180933801333418 11 227491688272242 60 181477303810419 11 149004594672880 11 169381489998629 11 175160871888321 11 186367661884141 60 173737536865379 11 179547500900993 11 198210956828126 11 180196042071220 60 225586705339706 60 171276691631667 60 225882026682045 11 215100176806944 11 162883639703866 60 204182391292708 60 173947199542943 11 161667316104536 11 192430102191202 11 183518885726892 11 148063351383501 11 164968886517423 60 168353658558655 11 214768137402683 60 185355705691974 60 180105631752580 60 192492896802951 11 221584274116677 60 154517137237715 11 173742555302260 11 206281635468539 60 180742278230525 11 147652807298205 11 204156145373377 11 192194248561843 11 149308751257639 11 211282761674359 11 205429048135975 60 168259530707364 11 213994938964412 11 168129895048993 11 153782677375989 11 198401591776909 60 161697334638110 60 151127191269190 11 194766134614150 11 173267907420412 11 149497136329374 11 182619805711559 60 133330293859752 11 199992092833648 11 139083879715975 60 145051282786280 60 207055326386334 60 173147596363260 60 199331468702157 11 164735426809094 60 171460042699707 11
3 87
364378806220711 18 343268838067644 64 362263985025526 64
1 63 1 21 26568547178520 18 30850453543725 71 1 21 17362930716363 64 9591385128665 64 1 63 1 18 1051450217452 18 19396731913397 18 53095735365487 64 1 18 1 64 31432999636486 71 23518443823630 21 4423221744955 64 6040876513751 64 1 64 1 71 1464719345615 64 1 18 7607213350440 64 17856410568433 18 42117274779953 21 39499308822576 64 37471191417014 64 1 64 16225208258018 64 1 18 23727592299081 64 1671563243739 64 1 64 1 18 7599046719685 64 1 64 1 63 8154602972051 18 1 64 15691917464031 18 43163800616723 64 18650305793577 63 18375674143993 64 9774013095079 21 43248082653074 21 15553065783499 64 10285937998406 64 13534610094324 64 1 63 7536742289743 18 1 63 1 64 1 18 17858220363036 18 1 71 25692028638743 63 14746202574638 64 22903839783277 64 11648005813172 63 1 18 37900574736116 63 1 21 16042265292764 63 10311888607752 64 41869047689382 64 52082609960174 63 12595278638752 71 59701548796776 64 28234440691466 21 9576702769426 63 1911049477195 18 1 63 1 64 11233457072050 21 52294045252179 21 32144156650144 64 32510740709939 21 1 21 2013110129226 18 1 64 1 64 21627784608227 71 46000420231194 63 1 63 7197414438905 64 34734295522568 64 20294786110857 63
3 85
6071181154571625 6 6072154481888657 9 6178490241839618 89
199105984825632 39 229305246018855 37 170591110190453 6 208595843281694 15 279084327856006 36 233859338596779 89 138520843688724 10 354330270198328 9 166057026444599 23 145929646265825 93 294754812054974 27 239324201520204 31 303245719671711 41 271328427063972 48 328150501855630 42 235760353154964 52 173856415026194 71 266524711176789 62 206988494685874 32 242793677302079 98 208261882811396 34 366748688626360 2 187239052627235 73 227805733808398 43 199496754773374 82 202870102527938 66 245672227209896 30 151202761815859 46 141478527655709 13 184469936049394 33 240970203462556 44 55902000669859 8 228660799517510 91 171700440844786 67 253610391967603 83 259044540663665 87 326301494210143 5 293724640675955 61 258533949588847 19 197100467642955 53 111721876735339 85 166322207024109 58 234472097649622 16 179610105935336 81 145989635194867 69 288095016518581 74 259850989870002 70 215226325601288 1 247629614333065 17 277491410482745 100 177864457138710 40 202396538484336 88 167299910294082 38 215622324260829 51 206478051401475 20 195371566546815 11 139758875212119 90 253168150326133 50 70499839998032 18 302103627206525 84 227371134264357 14 256010951686232 99 217409621109665 96 63769718864428 64 169312596895637 95 259307323998036 78 194399216944929 7 334910726517665 76 155875021769823 63 265490828490070 45 220066946882736 47 173854909597956 49 248718082259042 59 238373014027272 55 136772843664279 8 169496949171626 99 219826952425757 10 97236547858875 66 204327189688455 82 176108339529016 5 273048988504584 34 201727517526258 59 220021652462345 48 263212410615705 14 233957725453625 50
3 22
2051109083606229 43 2037533573051549 22 2059177377873370 43
343870267377159 22 311338831067779 43 287785522042665 22 270246379915787 22 228344455035030 43 286629103092986 43 307394247508811 22 231445862090541 43 382598708486084 43 204939775144376 22 335829542439749 43 328335588745157 22 263476793106968 43 353565139142959 22 351195593313360 22 254194693059020 22 238023424984253 22 337172187616228 43 350057104827695 43 223373579508003 22 374700159745183 22 261802357073819 22
3 53
3736790615662782 28 3857194756312297 82 3914061151778941 28
190038585140428 28 230997470714448 82 170260911963300 3 238400040083250 13 286246166606792 28 177078335446812 28 258837135117438 31 302420850941608 28 244549873400594 28 154505046485527 31 183197064922676 28 175076111107615 3 227609347885460 28 183400171879517 28 180312754204656 3 273580816794505 31 162757258600074 31 204592961007082 13 307009837673038 3 207153053980995 3 172164254842146 28 300720501239013 31 192593785041124 31 313803917200935 28 249993895768713 28 180263389354555 31 188436005419264 3 165597876435251 28 255721400194628 28 252141579209362 3 157101708003828 3 299241918212262 28 253989814506336 28 343682132913559 13 189156518440779 3 275391543740339 28 170042870990004 28 376597156799130 13 206772367699821 3 165443512572706 28 400100811301625 31 93297447647088 28 196651106079324 82 201285023003012 3 163429055884866 3 391605103294820 28 176194651958947 3 343970343193998 82 169251571184426 13 220059906369459 28 333668620706373 82 213171214399126 31 225946249551544 28
3 31
2018698503170228 74 1943506071806356 84 1898605583734660 64
144993444518189 93 289248907698519 81 85433081123527 66 196320033525661 23 178158535602134 16 32418200707032 64 239777784244885 33 237607818338911 86 167910539209292 22 133918191120759 68 103969382916456 55 221935395812649 36 174719099594341 77 59866283675334 41 181387203282200 74 187309369568005 63 175373845895616 6 233462184446272 43 253758260965166 92 299281980069072 42 77178633923864 4 86619473788881 90 275658463042900 54 233662928466850 8 179937897878652 79 188390105886100 78 79664061347494 39 246751618573091 94 199872557148255 28 135107965797894 15 212957689982847 69
3 31
57220985481557 14 1 92 4830599689451 14
51606796170036 92 1 14 16446747584088 14 34480256350632 92 45923511736490 14 1 92 1 92 1 92 1 92 1 14 28797428118744 92 1 92 14775483545096 92 25872564473726 92 1 14 5300274670606 14 35577882948527 14 5197841169563 92 8890436259347 14 1 14 37831320761323 92 1 92 19848548429271 14 64347348987271 14 8317745183055 92 32150539872016 92 11765956400664 14 1 14 81857518716745 92 62335466355841 14 1 92
3 51
1243870385863542 64 1375241832154125 95 1070594489505491 64
1 64 135549287059823 77 1 79 45289229856386 79 36304450354399 64 122243895308681 64 120803731883092 95 1 95 92588205303263 79 113000173778140 77 41020255663469 79 69888378242183 77 43322791771229 79 1 64 50612969933842 64 69229546666511 64 1 77 65925663798214 77 125440887204856 65 37974436646839 64 171970339219569 77 146727079419728 64 149653831814027 65 1 77 99004402735260 64 14207020600082 79 120276734557072 64 110270894492863 64 1 77 73648780785838 77 1 79 37112169754621 79 60664478377276 64 109497813254772 79 88248787904218 95 25203727988675 64 1 64 52707088392202 64 160257247019199 79 122870922784391 77 170262387368669 64 1 95 30671973892836 77 1 77 168431059234713 77 1 79 46644685351123 77 112724572180898 95 97137622516739 65 182876494274292 77 99331222298048 77
3 69
1705719140566914 91 1700152896964510 96 1610286154164295 10
158658821639848 100 15439604580133 81 24508082038626 66 54905797948016 78 159039016756237 85 55908198366942 63 34441769161023 77 79579844615634 17 95020444714248 10 1 51 73609705540903 26 33180709944780 89 109146924531058 25 1 96 39419804518579 41 132049974230948 73 52518551718404 91 125076072721553 7 1 34 53933906205844 5 122918495826670 11 114551416534691 39 90620709859826 45 98915400694502 93 168640340516533 12 92208448422457 68 96883149211965 87 52652815566560 35 88694555084056 9 102340276092241 8 100589937977354 38 15405834627284 54 74870308672139 33 171739267554244 3 222194798076109 50 69559212196251 74 36280502409583 69 125551904913555 57 1 36 99002030173195 28 94984791157795 6 13108838014136 62 25797051432640 71 67749983275531 9 1 25 84477203433764 63 66749750726378 93 79044070714296 3 3372572423890 73 27965670970130 17 97936707411795 57 1 35 83978513712945 5 138513852764888 74 36922485532823 51 616179986511 33 1 50 73862290040447 87 129278733712511 66 134436276419386 91 48885800901304 54 84714836301866 69 38273103340219 39 81762130480099 12 121808679772545 10 31964583196825 36 60202777147918 85 22338404705702 26 47244119326379 78
3 39
3479794213621723 49 3451051979523993 54 3436464280807288 49
310925903068113 49 243586329524290 49 269039735917141 49 232972654853429 49 290532165468658 54 224176353613466 49 262699754556825 49 315331850593030 49 268430326303764 54 275169737896464 54 252829499731541 54 237086257085759 49 250244180160361 49 247825247343622 54 262951572433245 49 285026406315032 49 246155925766991 54 255957921995341 54 230181303424152 54 263118938866195 54 258967682161054 54 278057505210443 49 296433472183993 54 265426033682073 54 250025930220759 54 269475647938919 49 270014785184603 49 282173470830368 54 277458532355853 54 257189550221061 49 247127402731255 49 298530048285044 54 265179043057657 49 267630584246317 54 241116079839785 49 256170159003664 54 272506248518713 49 259079689444341 49 304043993854365 49
3 67
1393568815622883 98 1399435318161981 85 1429211542850004 85
48507535354763 98 69926307236926 35 27795921995535 85 57309545513785 98 76080427764387 35 43473512545677 98 73304667948492 85 80659190937721 98 92263925933053 98 47730061729747 35 90746526138684 98 78777554576190 98 46214577598652 85 29689411054802 35 92615457299618 98 73440135696011 35 79325663634528 98 70276999246643 35 81179320906853 91 77621710050052 35 73772249934950 98 67563596993407 85 50752127402676 98 69444420653424 41 58993848651066 85 76088643608625 98 61219064119127 98 69581455589862 98 45211872817135 41 72378411781886 85 55531834850514 85 49311490227958 85 61061895106086 98 83647350969798 98 76881945070170 85 55576967735557 91 67113163382119 41 78505122148277 98 59939917860067 98 87716931185789 35 73658619265466 98 109269888163232 98 55099797352814 35 65381047474464 35 53667881330400 98 36409261998196 35 77233841797011 85 102101265417317 98 57983622288939 41 73353820860659 85 64639992713504 41 82686590160719 98 80643582297765 85 54462642074912 85 67794138629737 98 44037296982929 98 76759586180893 85 52050862460605 98 37598297890769 98 67197222524814 98 69189168549111 85 50101771354384 41 78317307977327 35 47560151480995 85 81010728683051 85 74882645612935 91 83323464390413 85
3 82
6849490168208730 18 6947858319892054 4 6883723051893472 66
241942862996634 35 218435805942570 5 219151725161379 56 119144963353910 88 195286593943237 22 294360969829940 27 207681932632480 97 310753216122531 42 266576934777085 32 215725390500384 58 224039211889862 11 351701116974445 93 246313404201282 2 251176942293868 43 123018974815319 38 260505410047218 33 207040885146787 92 272630046170814 9 120373828362914 21 137119237660043 18 230049728421788 60 169118021150449 39 252502953676541 40 259517831316234 4 361775508036192 61 261792120818713 47 225643926626453 78 308559516885064 23 218911539015439 28 169295688644367 55 232771569025043 66 253174573884142 73 262614767351274 86 352919240183012 41 262022890863691 1 260765426602430 16 279160738460399 31 196729822638780 45 332549669206427 87 290134835231041 68 200038235269527 44 275160192248613 37 171577072057286 24 317128185402871 72 178635430383976 80 169256223803533 79 281455693291872 64 363981140448159 90 212123757016717 90 265327191960966 31 276892293499042 27 251763244083795 32 282362772629132 21 208532267346004 9 330945647738511 39 176764291370040 55 231248170535407 93 196855181687896 78 315276589146331 56 281425994697057 35 205192139716951 68 201653087429043 88 155776222015767 43 250910808608709 60 286712709500719 16 279344338942479 24 333157811555081 4 211314850010327 72 295490296837789 1 280933486780413 44 258260531209371 2 208672626078112 33 271046979581403 37 212417017287912 73 353558452466673 61 267097975955473 28 294319909112156 40 193223313195405 42 230027349451766 97 221418060418805 92 185102557923226 38 197990278565238 87
3 51
2606049600927973 88 2584324986317141 97 2598626387692902 88
164949460235644 97 146607813660208 97 147621742534997 88 151010759569358 97 156713693435038 97 131984512403033 97 177551213708453 97 152340083489447 97 163500992115422 97 176074649798297 97 149313486890482 97 161929302979209 97 144046674938192 97 136918399074433 97 150948714119588 97 154998290552402 88 171057707493828 88 156202617432318 88 158374341497794 97 153995684942030 97 167545728760311 97 166750971538692 88 160861938996164 88 160764301694525 88 151891602781322 88 153523584984190 88 134394391528033 97 151446315789475 97 146580453670575 88 151408887642108 88 168291969774791 97 137719345915980 88 150907355913987 97 165242181152811 97 155657483694061 88 179511556838524 88 122425475316658 88 150729949373877 88 164217384204617 88 135690543595494 88 160336121068601 97 144365566360772 88 150732248105668 97 143891702171917 88 172803536729531 97 173498669218406 88 152367482471772 88 139121152543926 97 157379641553247 97 157949808419827 88 166428042815044 88
3 99
3766762669546136 85 3830060855409612 98 3786683929195811 98
125726595477194 18 108120947494914 88 125470246979297 88 117149551720570 98 113660129448059 18 113582594872732 98 131826064799677 98 105622564543283 85 118746494652340 98 133224270099745 88 99910616448660 88 170882211467298 98 127380156377986 98 100924813790606 88 112036577814543 18 85390720293229 98 119250861802180 98 121344647438246 88 122660380248685 88 120804211938975 18 118515509374564 18 68365781170666 98 104513279873631 88 141194868290255 98 99238665545775 98 97033894220654 88 128862756782429 98 143157805038314 88 100808248928367 98 122600899528309 88 120458107100418 85 115928211012845 88 142889286844273 88 123145679405645 85 107428657192281 85 120263186678736 18 133102959726787 88 117795276524673 98 98638396460892 98 116033748698570 98 127531012252670 85 95756913052641 98 112819583204296 18 132934149006282 18 123116538462283 18 134703106888647 98 107148512605570 85 155544493368519 98 141478721454058 88 117757766165449 18 121672321268230 98 104153167571878 98 122015041272377 98 115951503997494 88 140708042751338 88 127732098951301 98 128654139846867 98 108874696934132 98 120032079654510 98 123690770755033 98 103476824622667 98 109565746832491 98 103437420864724 85 90478630661770 98 102000190754625 88 100673712243755 85 94421077851741 88 98908886354296 12 115315522514024 88 119158309293699 88 121151820524736 98 108730507129128 98 133679620259099 18 100761418257510 98 159682691562324 18 105463970607292 18 140927515897342 18 106755832338006 88 147101611678063 98 118812114848857 98 119219324162619 98 93105278988257 98 129225330300416 18 121959943036311 12 161887515097967 98 118325270478229 85 80910027622199 88 127011398641456 85 127405212261313 85 108675951163470 88 90160597313699 98 126958944986884 98 82794429609196 98 125686442716148 12 84168087764896 12 109210779967555 98 118633130160697 18 91647750573202 18 134747346407028 98
3 49
3194202591868429 33 3064211742965780 12 3248370951854798 42
360982747253745 84 312868596050888 68 161520067106159 90 212477840133119 47 295696870093234 97 49682910040276 95 234594604528385 91 180502990030111 28 134882501755993 49 200411220472014 17 166657469620670 4 189112743999831 59 141321669254551 67 244882335276992 33 277835828394993 18 137624222672581 12 178436555849484 10 177828611248318 42 341055711557896 71 146004730992273 67 1 90 225315486008946 33 213578368522184 59 151805888561037 10 105847481214765 4 300681300288455 84 399542760476119 47 183619987938653 95 248052560120782 28 227783170835239 91 163008844191571 18 79733572458691 17 252647387139590 68 280427286388313 97 228101852502387 42 248424761049956 12 264729732422889 49 33088979033140 71 197163460334398 47 318661911979919 68 166229525218997 90 123194955742376 59 192576271324504 42 179451188682083 12 310845014483483 91 188070794076394 71 225902701199819 49 107180527080911 18 157904460019697 4
3 87
1655768009826357 71 1656618646564414 7 1656550212422421 71
56411097703794 71 57029336777625 7 57356555313318 71 57997251702345 7 57093676096989 7 56976263394605 71 55723308430756 7 57078155908298 71 56759438252321 7 56592947643751 71 58454176300986 7 56975301707602 71 57201461910454 7 56016962703614 71 57270679478883 71 57194460599831 71 56048714541161 71 57453893138800 71 56461776160400 7 55975404792474 71 57316076196135 71 57025720536968 71 56673248953594 71 57236135719215 71 58223920662081 71 56741844976428 71 57480717155159 71 57828808999707 7 57057637150343 71 56157135660580 7 56364271010106 71 56936060754837 71 56952085584254 71 55951594039232 71 56893554725112 71 56853712340260 71 57942327216956 71 56710005090657 71 56763339442122 71 57067902625052 71 56563222356983 71 57069414655400 71 57120152796581 71 56859863071187 71 56245456712652 71 57163816475088 71 58141770788010 71 56491693085472 7 57333808849445 71 58017695012437 7 57459917026505 71 57176322404362 7 57147375742287 71 58003504024462 71 56948346135283 71 56959957335154 71 56503798835804 71 56527833578408 71 57590738359878 71 57279790253638 71 57051274069434 71 57629599719499 7 56050484416080 71 56768327464207 71 57028239276024 7 57013726078661 71 57653589815529 71 57042449060340 7 56192046440923 71 56989872578918 7 57927383155706 71 57203063854474 7 56883140089952 7 57525257120494 7 56646051177826 71 56371293720962 71 56349362597182 71 56811980513439 71 58037810011449 7 57826309624077 71 58153179915973 7 57135457813787 7 56876374969106 71 58016582095520 71 56772146635471 7 57247102739093 7 56675512083505 7
3 10
347848101812853 68 323313208993973 81 366454514208042 68
82907953913791 68 177420966918890 81 64755275410256 68 142110326996057 81 139845724175512 68 2323540168763 81 86263034870621 68 119162647123041 98 201077272838774 81 172186050573990 98
3 69
5664568424606000 3 5662964983872329 17 5665670425024296 12
245885305493853 55 244658027022890 91 245624471926417 5 245058733573708 100 243670006664382 84 246608442936064 10 246283659352578 8 246439186916954 29 248264459064090 72 243130932014961 48 247597764537570 95 245703245678571 83 249539608084942 31 249169095258437 44 247460708089525 45 243515627709465 37 246859718249881 49 243150864442049 75 245060679919892 3 247762257258313 43 247101633078840 82 245643213004470 39 246305065371468 34 246110292973483 19 247025816570007 11 245804647696697 90 245936037095166 33 247253181470745 27 244642941488469 26 246831247252715 15 244452181911787 88 245877016683774 96 247560493083858 38 244474596599766 13 245871654915685 51 247101083141856 32 245710024844914 79 245370295866082 58 246797335347000 53 247291734111486 22 244082224793572 18 243610724598526 24 245831812103075 98 248333076315717 7 245876215190659 66 245801859217128 60 246721753003676 81 245396982402611 4 244569800770087 21 246518624317923 80 247083775689904 73 248156513643553 25 247513155965219 86 246119739278307 69 245594076181131 12 248008723334882 65 242911150517381 6 248980762830785 47 245686517296366 54 246005630460742 74 248979931207724 14 251403565671782 2 245882457746342 70 244212955056251 50 244051848913133 35 244578744505497 76 244575045097101 46 244170148867327 77 245587246534670 56
3 19
332598380650027 3 352638480349432 15 307926625765360 3
41695721443454 3 25538329370988 15 51595905466870 15 85744143349383 3 154257647905005 15 80627269757457 3 71238486857491 3 100108842096638 15 50164229842327 15 7644195621793 3 134416680890195 3 42352466701395 15 52284807472746 3 113190921499689 15 24241488848561 15 10209161852139 15 64786306345579 15 70203382369799 15 1 3
3 87
1535579250064229 5 1524891395155558 38 1544194442629469 2
69775307718520 2 20721573085969 5 80176582087486 37 66632440406951 5 39540622200831 5 23801440176862 2 46942488254793 2 49043182877700 5 48154511736890 5 26892760748763 38 70029983176731 38 98130258857208 2 79340865036336 73 34132428277754 5 80095585302527 5 30253518553370 2 46171855344389 37 41035533916980 5 41619945297487 5 29926788440617 2 22426877251802 38 83710521249464 73 79375832032831 38 85174325809367 73 39619417489598 38 62782977954159 2 33008244114768 2 50512890092620 2 37486380026800 5 9571475124512 73 36637667470898 73 16833778727032 5 40391571513053 2 94048645913712 5 89007528170898 2 50338188467368 38 39561226460810 5 65920798896992 5 51586233319960 38 2613453736804 5 60866993485377 5 68313008352755 2 69354952177321 5 50289524371637 73 51332456925151 5 65010743127062 2 6704915238328 5 45470321166131 38 88496230992196 2 52874224833457 73 48195353195168 73 52873146125001 73 61067093057298 2 67556925504418 2 59140617459826 38 44835649183652 5 70509067751422 2 68356149046881 5 63705246473468 5 58057128644830 73 40043333320016 73 46759280076413 5 40643044000276 5 22757438014021 5 57360070619222 38 38323890815273 5 79682781395410 73 46353347598810 2 60263426711484 73 53605686680722 2 61603845248416 5 46668784417061 2 54082291143525 2 69292072524077 2 69356520471107 5 85396166421970 5 57271732907142 38 58289626009605 2 49572937389545 2 62894020963900 2 65155441366866 37 40091567414194 5 40856873982020 2 30821002398370 5 35684262414432 5 43148459686048 73 20808716857194 5
3 87
2100695145223617 82 2101375273726430 19 2099740785043491 84
71431731698674 45 73210681157749 88 70785270816016 90 71971633161512 22 72364673486949 94 72664845248269 52 71882114701743 27 73050276385464 51 72672066009353 76 71611513793311 72 72157877923942 81 71992205195573 1 71203687652607 84 71610994955796 69 71449560130689 44 72864381930481 82 73308025155875 31 70397780542055 86 71129171790743 93 71562748891864 55 72411548016141 28 72510709948095 60 72531719908853 15 72069392830306 73 72650713414477 20 72549484282105 36 71663257854876 79 72362310414801 16 74253532241298 43 73314459267001 19 72878088845013 7 72686221746534 39 72634547778732 67 72633273251510 5 71830559794388 49 73717218328462 50 70823456139014 64 73105743176333 6 71468662692474 59 74066474516033 34 72040308787429 76 72467448601154 44 72742714887366 52 72497103610639 82 71991608992045 90 73931704509194 7 72004918807297 39 72695325928570 93 74339042893457 84 73086924510067 94 73519309543897 1 73704230010060 16 70414145905669 60 72674687208818 86 72548861829776 67 70460796803099 36 72326938473496 6 71323999995336 81 71161521426686 69 72090690940935 79 72844821610630 51 73674733556115 64 72489568685074 55 72186858064220 15 72318048758878 19 72606595200659 49 71311913677812 31 71898135463477 27 72711084244445 50 73302894205919 20 72210149206718 5 73054381210122 73 71372379813677 88 72497516961496 22 72879700941718 45 72575794082890 28 71400898465404 34 72220239713454 59 71534257309833 43 74585813088315 72 72040186357978 51 71637659176162 72 71641339808137 59 71703736944421 67 71326237805304 84 71868628666638 79 72496104847222 69
3 33
1380604765761270 34 1563591641986980 28 1384828246876787 34
103614550190196 34 68189639767477 34 114223995711560 34 181771839811976 34 118380534625239 34 48318983490814 34 224479764920870 28 162244463724410 34 243764138104355 28 197878323860998 28 139482065322841 34 250727709037484 28 233585900419937 28 102748102722691 34 124406125036259 34 62822959332808 34 1 34 97798626257611 34 139391441720003 34 132911625691712 34 244247921882950 34 40461948242029 28 155978998301365 34 130166147805923 34 338637649447093 28 137868027949028 28 119154301316413 34 110481830070825 34 163333157378456 34 125988714098525 28 97247171390447 34 50845735903344 28 34309268180670 34
3 40
2575013493623375 10 2593259998177648 97 2562660235264920 10
193346649928391 10 192753479574186 97 205271142108275 10 204047033485656 10 188414637748810 10 181157641296945 10 178134814895530 10 202313221551596 1 183913068763599 97 173047027022192 10 203613990170974 10 193740568920266 97 179127678978524 1 198495413729929 1 187572066771876 97 198882836551831 97 194759139162502 10 205077407625784 97 178660276933125 97 196590024206510 10 184262705903353 97 176578974416541 69 195614163656843 97 196072650761491 69 189152103075359 69 200757496120244 20 186442139713677 1 189640774735445 10 181006281887538 97 196541798006302 10 181768371264111 10 207931715142200 97 185595715535828 10 200497258686201 97 206858946121911 10 177061426763344 10 194984194559208 97 195743768647320 97 208688499361894 10 181019990368198 10
