73
4
555 281 632 213
4
384 675 498 839
5
457 478 106 601 804
5
814 951 638 335 130
5
457 150 179 410 557
4
725 514 637 43
3
286 459 188
3
64 8 219
5
436 834 81 765 521
4
986 529 726 719
4
380 251 238 44
3
786 671 142
3
39 655 533
4
990 996 962 961
3
694 140 938
4
559 559 559 559
3
665 844 93
5
704 475 791 421 16
3
515 500 198
4
213 213 527 527
5
320 895 600 250 433
4
288 773 642 571
5
1 1 1 1 1
4
193 900 524 439
3
1 1 1
4
875 216 490 10
3
37 37 37
5
609 149 619 139 405
4
957 962 965 965
5
286 253 234 941 267
3
606 606 606
5
673 495 664 910 252
4
166 99 166 166
5
13 2 13 4 11
5
946 11 434 286 886
5
17 5 15 17 16
3
861 861 861
4
859 667 28 632
3
12 12 12
4
678 902 678 902
4
992 992 994 999
4
692 309 19 676
3
189 211 518
4
200 743 194 118
5
655 172 976 553 555
5
15 15 16 11 5
4
107 595 149 262
4
992 996 951 995
3
871 926 60
3
3 4 2
4
211 253 671 838
5
519 798 882 393 517
5
1000 1000 1000 1000 1000
3
902 503 572
5
979 436 538 728 598
4
1 1 3 3
3
337 467 108
5
24 817 264 294 87
5
652 975 941 532 496
3
399 895 75
4
306 306 306 306
5
672 536 390 755 210
5
191 657 519 47 395
4
1000 956 967 995
4
91 94 314 568
3
54 844 536
5
989 899 1 607 377
5
587 167 771 462 414
3
945 945 945
5
412 176 928 397 484
3
618 774 66
4
973 998 37 369
5
651 252 704 812 515
