73
3
1 1 1
5
478 449 296 659 135
5
340 393 946 939 560
5
1000 1000 1000 1000 1000
3
810 195 857
5
462 178 462 178 462
3
391 86 545
4
315 742 385 179
3
74 372 686
5
993 999 999 985 988
4
916 618 810 401
3
902 902 902
4
318 396 567 605
4
972 974 992 990
5
738 434 790 383 309
3
430 454 152
5
929 629 696 988 370
4
891 22 906 969
4
352 352 407 352
5
291 364 429 941 629
3
993 996 1000
5
26 787 787 26 787
5
620 407 742 937 129
5
49 49 210 49 49
3
7 12 5
3
952 666 360
3
188 344 839
3
91 116 600
5
47 260 981 503 768
4
833 595 375 977
4
424 702 887 491
5
115 278 273 236 906
4
112 491 850 13
3
339 545 244
5
99 99 99 614 99
5
74 151 958 363 299
3
769 545 551
4
409 371 371 371
5
93 656 141 438 12
5
774 629 281 290 534
4
914 317 831 701
3
4 5 2
4
261 777 748 126
3
333 1000 651
4
666 217 702 392
3
224 614 791
4
901 574 864 23
3
510 127 527
5
379 505 599 640 273
5
945 996 989 997 953
5
476 305 462 998 989
4
13 9 7 1
3
377 850 649
4
920 66 650 555
4
725 851 158 433
4
821 276 65 576
5
855 820 820 855 855
5
8 7 2 10 8
5
482 877 758 27 77
5
286 472 771 777 576
4
117 117 468 117
3
278 938 138
3
2 2 2
4
85 909 909 909
5
1 1 1 1 1
3
678 778 731
3
860 384 238
3
736 472 353
4
845 126 432 839
4
926 988 791 95
4
988 920 970 948
5
518 902 802 587 148
5
395 636 687 586 904
