500
997 2 1
722 2 577
771 2 274
262 2 963
940 1 101
606 2 207
256 2 946
75 1 622
772 2 772
692 2 518
232 2 58
464 2 560
240 1 240
671 1 671
119 2 692
997 2 1000
1000 2 2
643 2 47
837 2 95
282 1 744
4 2 2
498 2 930
252 2 854
67 1 462
2 2 1
59 1 710
447 1 993
102 1 576
443 2 588
106 2 368
557 1 557
940 1 470
832 1 832
74 2 762
960 2 480
75 1 473
580 2 580
898 2 234
877 1 615
4 2 901
64 2 295
21 2 221
755 2 53
135 2 896
397 1 449
556 2 491
15 1 2
774 2 991
749 2 684
275 1 275
603 2 903
699 2 699
405 1 589
523 1 523
772 1 772
62 1 431
390 1 192
3 2 1000
437 2 437
1 2 1000
412 2 25
860 2 668
978 1 193
420 1 845
968 2 932
2 1 8
906 1 419
3 1 972
396 1 99
686 2 343
996 2 42
94 2 235
39 2 126
547 2 758
809 2 571
693 2 693
904 2 376
513 1 405
182 2 874
431 2 164
262 1 837
395 1 395
558 2 890
976 2 503
561 2 218
653 1 11
586 2 746
15 2 1000
150 2 581
888 1 720
991 2 1
56 2 919
185 2 699
13 2 34
4 1 2
969 1 447
545 2 545
714 1 372
954 1 954
4 2 997
52 2 165
119 2 510
497 1 674
580 2 45
644 2 322
480 1 485
786 2 937
1 1 1000
55 2 811
387 2 471
418 1 209
2 2 512
572 1 286
749 2 371
1000 1 997
97 2 961
884 2 442
464 2 188
38 2 349
855 1 855
562 1 562
17 2 721
1 2 1
477 2 658
854 2 345
24 2 656
235 2 798
618 1 924
827 1 827
929 2 232
533 2 533
573 2 573
652 1 652
347 2 463
256 1 128
506 2 89
299 1 779
566 2 566
702 2 702
563 2 907
842 2 370
188 2 616
994 1 994
477 2 298
955 2 644
936 2 26
649 1 649
964 1 964
921 2 921
283 1 283
236 2 221
3 1 1
245 2 575
528 1 402
616 2 74
782 2 782
900 2 900
15 1 997
583 2 741
2 1 1
884 1 884
951 2 951
997 2 2
329 1 851
357 1 432
303 1 209
131 2 807
561 2 591
480 2 160
815 2 538
3 2 647
520 2 134
792 1 801
278 2 874
234 2 428
95 2 452
889 1 11
923 2 231
653 2 341
389 2 423
543 2 929
435 2 208
811 2 751
991 2 997
662 1 662
24 2 138
676 2 502
400 2 652
116 2 453
18 2 375
3 2 1
4 1 512
55 1 851
555 1 555
454 2 988
670 1 670
538 2 242
6 2 514
579 2 448
206 2 86
662 1 331
93 2 694
557 2 815
803 2 673
6 2 771
288 1 36
63 2 671
732 1 366
282 2 20
518 1 452
1000 1 1
955 2 955
1000 2 1
900 2 900
783 1 783
737 2 371
76 2 745
232 2 825
834 2 14
986 1 68
1 1 997
619 2 447
910 2 750
6 2 257
3 2 487
697 1 697
862 2 862
999 1 561
501 1 914
40 2 40
611 1 611
699 2 146
263 2 814
506 2 253
243 2 385
305 2 838
654 2 654
503 2 503
2 1 1000
979 1 654
540 1 197
624 2 547
263 2 760
439 2 61
652 2 652
15 1 1
590 2 590
896 2 896
15 2 2
801 2 559
113 1 253
789 1 351
895 2 92
390 2 373
286 2 286
11 2 124
765 2 765
240 2 567
16 2 176
1000 1 2
279 2 658
950 2 968
918 2 459
349 2 24
997 2 997
384 2 398
59 2 228
885 1 885
573 1 573
404 1 963
758 1 744
517 1 517
876 2 757
856 1 856
862 1 550
34 2 495
367 2 509
3 1 2
544 1 643
452 2 226
231 2 514
173 1 469
290 2 283
36 2 12
509 1 706
102 2 27
287 1 41
451 2 295
770 1 577
932 1 466
161 2 290
2 2 790
6 1 128
1 1 2
394 2 667
2 2 2
679 1 930
790 2 327
198 2 348
547 2 547
235 1 854
643 2 109
951 2 562
121 2 232
3 1 1000
3 2 2
496 1 496
15 1 1000
981 2 981
864 1 432
246 2 531
506 2 725
465 1 155
151 1 670
234 1 922
879 2 749
122 2 317
743 2 179
572 2 476
486 2 54
441 2 853
227 1 481
335 2 710
2 2 97
855 1 285
924 1 84
974 1 974
1 1 1
754 2 277
35 2 33
4 1 997
728 2 310
945 2 385
670 2 404
826 1 826
45 2 517
457 1 457
768 1 91
69 2 714
229 2 598
288 2 96
145 2 185
842 1 273
4 2 1
745 2 149
355 1 838
737 2 878
710 2 448
750 2 695
284 2 120
337 2 863
68 2 594
238 1 833
37 1 154
353 2 413
634 1 776
638 1 638
1000 1 1000
646 2 444
782 2 782
702 1 184
276 2 276
88 1 328
804 1 804
617 2 761
3 2 974
798 1 798
792 2 130
506 1 422
700 2 52
349 2 113
94 1 234
920 2 920
128 1 128
2 2 973
693 2 33
365 1 704
215 2 753
991 2 1000
55 2 512
4 1 1000
887 2 887
774 1 132
920 2 910
558 1 840
1000 2 997
966 2 993
648 1 648
3 1 81
189 2 990
877 1 877
594 2 297
127 2 693
561 2 561
741 1 247
15 2 1
848 2 510
243 2 57
941 2 809
629 2 366
862 1 975
989 2 989
736 1 736
625 1 944
747 1 83
1000 2 1000
321 2 15
174 2 87
550 1 275
336 2 54
435 2 313
434 2 337
836 1 836
537 1 672
291 2 253
451 2 445
2 2 997
631 2 394
527 2 527
436 1 436
15 2 997
944 2 746
666 2 533
917 2 432
783 2 918
991 2 2
788 1 788
637 2 704
975 1 881
547 1 547
275 2 25
847 1 863
2 1 997
523 2 523
551 2 953
682 1 527
809 1 746
262 2 852
873 2 675
6 1 896
980 2 874
3 2 997
727 1 727
383 1 966
289 1 145
2 2 1000
928 2 878
614 2 221
392 2 392
4 2 1000
160 2 160
418 2 700
186 1 268
829 1 829
1 2 2
868 2 230
476 2 397
2 1 2
588 2 772
525 2 525
878 2 945
997 1 997
856 2 282
594 2 168
620 1 903
325 2 161
257 1 923
186 2 216
185 2 345
668 2 668
714 2 295
3 1 997
378 2 54
349 2 195
7 2 523
908 2 454
492 2 689
329 2 191
4 1 1
230 2 281
806 2 13
443 1 476
428 2 867
936 2 936
788 2 197
500 1 20
2 2 970
567 2 652
1 2 997
341 1 341
460 2 20
705 2 895
591 1 805
775 2 959
773 1 541
858 2 429
758 2 494
999 1 27
314 2 372
836 2 182
