500
509 2 509
552 2 362
757 1 757
31 2 279
775 1 760
942 2 47
627 2 765
551 2 652
424 1 613
357 2 119
180 2 3
150 2 128
15 2 1
260 1 217
190 1 480
52 2 50
934 2 239
15 1 997
856 2 568
392 2 212
664 1 332
960 1 245
991 2 1
35 1 583
153 2 849
534 1 256
574 1 984
4 2 2
877 1 877
521 2 315
584 2 211
1 2 997
700 2 224
542 2 392
843 1 318
181 2 303
714 1 714
935 1 55
574 2 287
458 2 458
3 2 1000
6 2 257
817 2 380
508 1 207
891 2 928
629 1 629
452 2 802
188 2 842
979 2 531
3 2 1
2 1 2
114 1 488
347 2 559
458 2 808
103 2 340
868 2 434
811 1 215
55 2 686
614 2 21
129 1 96
299 2 807
3 1 1
386 2 623
207 2 374
596 2 233
311 2 311
1 1 1
347 2 878
892 2 992
960 2 821
47 2 741
689 1 689
395 2 395
3 1 997
606 2 693
858 1 282
8 2 577
976 1 539
668 2 668
688 1 622
641 1 52
945 2 945
499 2 192
877 1 877
804 2 373
726 2 726
831 2 831
324 2 288
544 1 544
738 2 369
47 1 102
680 2 680
619 2 821
440 2 412
272 2 68
734 2 809
211 1 270
486 2 470
429 1 969
139 2 430
882 2 882
551 1 551
678 1 678
750 1 750
1 1 2
938 2 959
969 2 323
91 2 609
58 2 121
114 2 560
174 2 353
1 1 1000
2 1 1000
902 1 190
621 2 147
147 1 24
2 1 1
105 2 669
372 2 372
850 2 161
199 2 604
342 1 532
573 2 573
201 1 67
551 1 579
609 1 898
711 2 237
370 2 684
46 1 843
888 2 939
360 2 279
373 1 199
793 1 793
703 1 703
260 2 297
262 2 802
440 1 390
3 1 2
2 1 997
991 2 1000
892 2 113
286 2 315
816 1 207
202 2 824
348 2 271
706 1 757
593 2 591
2 2 512
85 2 227
263 1 230
479 2 311
630 1 717
393 1 253
535 2 369
821 1 821
786 2 868
180 1 570
980 1 196
670 1 134
458 2 717
735 2 505
849 2 172
557 2 451
689 2 689
275 2 150
354 2 449
397 2 469
652 2 652
777 2 744
231 2 502
556 2 625
842 2 842
997 2 2
522 2 522
385 1 554
92 2 283
826 2 127
76 2 501
760 2 143
511 1 359
696 2 234
562 2 258
748 2 146
15 2 2
174 1 478
997 2 1000
232 1 492
543 2 105
857 1 957
924 1 795
857 1 857
1 2 1000
225 2 277
168 2 498
892 2 988
734 1 734
92 1 763
689 2 436
708 2 46
698 1 349
487 2 553
709 2 797
604 1 302
676 1 676
547 1 290
3 1 972
789 1 94
1000 1 2
4 1 2
436 2 436
2 2 970
710 2 355
669 2 108
99 2 700
287 2 39
33 2 235
483 2 483
907 1 907
690 2 345
674 2 86
325 2 788
544 2 68
629 2 176
708 1 236
760 2 760
715 2 733
417 2 417
335 2 752
741 2 679
47 2 33
221 1 221
800 2 260
89 2 171
298 1 298
886 1 36
410 2 530
4 2 997
1000 1 1
629 2 103
822 2 597
351 1 351
237 2 379
912 2 228
650 2 50
990 2 668
702 2 3
747 2 642
718 1 718
248 2 858
588 2 98
163 2 326
632 2 392
374 2 754
412 1 503
880 2 70
401 1 646
267 2 261
407 2 658
641 2 160
529 1 23
383 2 210
789 2 602
122 2 398
2 2 2
891 2 135
4 2 1
537 1 179
266 1 516
625 1 321
6 2 514
701 2 902
1000 1 997
273 2 80
798 2 577
1000 2 1000
12 2 828
1000 2 997
375 2 500
609 2 293
61 2 869
908 2 454
580 1 580
4 2 1000
420 2 420
951 1 295
119 2 178
783 2 111
710 2 355
353 2 777
192 2 148
995 2 995
179 2 864
851 2 142
858 1 686
622 1 622
860 2 880
352 1 822
1000 2 2
949 1 490
365 1 365
974 2 918
763 1 45
858 1 22
131 1 693
310 2 517
585 1 368
438 2 130
997 2 1
277 2 821
15 2 997
74 2 161
771 2 682
190 1 709
37 1 37
406 1 785
693 1 952
128 2 272
436 2 342
280 1 18
581 2 291
461 2 294
820 1 820
1000 2 1
6 2 771
617 2 895
597 2 597
991 2 997
894 2 894
539 2 49
420 2 921
430 2 481
334 2 506
355 1 355
692 1 692
15 1 1
437 1 437
904 1 452
210 2 390
352 2 521
3 1 1000
990 2 50
4 1 1
709 1 848
939 2 939
774 1 387
823 1 823
858 2 571
310 2 310
608 1 900
3 2 487
158 2 355
222 2 463
534 2 534
962 1 374
4 1 512
272 2 598
295 2 949
296 2 330
327 2 4
708 1 850
806 1 403
578 1 516
626 1 315
503 1 503
939 1 939
3 2 974
414 2 488
15 1 1000
4 1 997
850 1 850
567 2 995
999 1 47
947 2 947
97 2 763
946 1 95
880 2 477
401 2 477
281 1 941
7 2 767
859 1 859
681 1 681
277 2 188
385 2 151
839 2 839
887 2 234
837 1 837
843 2 9
358 2 678
324 2 14
999 2 40
707 2 707
71 2 571
50 2 777
922 2 410
625 1 636
3 2 2
533 2 442
525 2 175
483 2 464
798 2 805
150 2 904
726 1 726
722 2 782
131 1 268
6 1 896
894 2 51
2 2 97
898 1 898
587 2 452
116 1 116
1 2 1
844 2 844
882 1 63
2 1 8
353 2 556
497 2 303
15 2 570
15 1 2
570 2 344
41 2 498
345 2 215
633 1 211
121 2 562
270 2 673
589 2 589
540 2 184
987 2 703
228 2 246
593 1 593
462 2 897
148 2 728
597 1 492
76 2 999
238 2 171
535 1 535
2 2 1
950 1 475
543 2 795
501 2 443
15 2 1000
786 2 786
984 2 984
861 1 861
706 1 353
715 2 715
748 1 121
716 2 179
893 1 893
403 1 57
804 1 215
672 1 672
997 2 997
920 2 922
2 2 997
305 2 432
351 1 351
403 2 31
64 2 239
514 2 257
1000 1 1000
805 2 22
100 2 273
614 2 264
902 2 902
535 2 89
75 1 801
453 2 311
632 2 469
707 2 345
501 2 3
1 1 997
165 2 581
837 1 469
599 2 599
609 1 203
449 2 210
277 2 277
3 1 81
946 1 351
1 2 2
317 2 724
850 1 850
963 2 875
558 2 249
698 1 121
4 1 1000
753 1 753
184 2 761
991 2 2
725 1 725
79 2 613
549 1 209
2 2 1000
6 1 128
952 1 952
493 2 329
753 1 753
976 2 976
3 2 997
557 1 557
