500
651 2 651
546 1 621
619 2 204
543 2 424
272 2 932
468 2 334
546 1 910
453 2 304
563 2 563
117 2 117
432 2 746
290 2 148
876 1 728
823 2 250
792 2 539
3 2 1000
949 2 949
426 2 158
524 2 175
360 1 360
582 1 291
306 2 306
180 2 135
764 2 176
786 1 393
1 2 171
990 2 990
216 2 216
904 2 655
522 2 18
585 1 585
924 2 33
3 1 997
997 2 1000
769 2 324
892 1 223
843 1 281
788 1 412
103 1 379
576 1 576
831 1 712
976 1 976
696 2 898
313 1 804
509 1 613
455 2 551
22 2 15
250 1 386
216 2 18
991 2 1000
814 2 723
351 2 723
686 2 223
947 2 693
185 2 610
836 1 847
872 1 528
893 2 89
451 2 950
928 1 885
307 2 661
156 1 258
1000 1 997
458 2 197
205 2 439
1 2 2
15 2 997
972 2 77
330 2 632
2 1 8
585 2 915
691 1 68
631 2 991
1000 2 125
862 2 431
875 2 393
580 2 580
893 1 893
1000 2 1000
684 2 684
828 1 332
659 2 999
680 1 708
467 2 723
773 1 773
438 2 438
260 1 130
760 2 760
192 2 448
438 2 472
83 1 578
782 1 155
509 2 54
15 1 2
818 2 818
751 1 751
373 2 918
351 2 213
650 2 825
552 1 552
727 2 950
583 1 750
570 1 570
558 1 28
620 2 455
56 2 421
900 2 232
755 1 130
3 1 1
63 2 879
49 2 782
84 2 906
29 2 255
871 1 378
4 1 512
360 2 978
832 2 208
33 2 198
764 1 314
757 1 193
959 2 906
637 1 91
501 1 501
850 2 627
85 1 910
866 2 46
997 2 997
507 2 637
347 2 144
265 1 258
918 1 306
786 1 786
4 2 2
791 2 967
691 1 691
2 1 862
963 2 963
812 2 746
4 2 1
863 2 758
911 2 842
15 1 1
878 2 118
631 2 591
15 2 1
198 1 979
999 1 111
891 2 651
328 2 894
334 2 639
1 2 997
313 2 313
1000 2 500
3 2 1
811 1 811
625 2 625
184 2 904
15 1 1000
153 2 153
1 2 1000
904 1 924
196 2 406
954 2 477
603 1 857
1000 2 997
611 1 222
660 1 66
574 2 474
590 1 590
1000 1 1
419 1 419
13 2 441
429 2 555
931 2 931
519 2 734
456 2 228
6 2 596
334 1 16
828 2 138
39 2 749
808 2 381
493 2 218
338 1 504
986 1 58
94 2 332
504 2 504
380 2 5
3 1 81
3 2 2
953 2 806
730 2 919
1 1 997
2 1 2
169 2 305
356 2 881
846 2 6
471 2 923
314 2 793
607 2 64
488 2 54
710 2 829
573 2 603
409 1 772
6 2 514
719 2 716
292 2 477
712 1 843
602 2 206
116 2 611
28 2 811
134 2 222
132 1 970
971 1 456
2 2 97
744 2 379
527 2 800
201 1 201
912 1 508
4 2 1000
625 2 239
1 1 2
39 2 203
757 2 757
734 1 238
868 2 227
310 2 194
1000 2 2
2 1 997
658 1 566
210 2 975
886 2 288
486 2 376
908 2 908
293 2 34
884 1 800
39 1 142
534 2 471
62 2 855
740 2 854
512 2 531
835 2 35
658 1 47
1 1 1
80 2 662
6 1 896
4 1 1
916 2 551
178 2 809
428 2 214
882 1 147
891 2 356
567 1 567
535 2 13
243 2 899
559 2 992
801 1 131
6 1 128
508 2 959
25 2 975
518 2 259
541 2 541
775 1 6
164 1 954
492 2 492
18 2 481
781 2 977
977 2 37
863 2 225
419 1 419
530 2 709
666 1 656
272 1 272
217 2 281
378 1 42
244 2 107
450 2 287
669 2 313
353 2 641
26 2 224
622 2 146
628 2 682
1000 2 1000
2 2 1
516 1 211
1000 2 1
401 2 340
4 2 997
310 1 52
193 2 249
202 1 205
245 2 883
318 1 763
900 2 900
440 2 132
405 2 649
870 1 537
478 1 681
580 2 580
967 2 422
254 2 149
2 2 1000
100 2 149
631 2 618
357 1 21
991 2 997
225 1 25
473 2 166
249 2 249
285 2 140
631 2 993
255 2 15
836 2 938
280 1 70
751 2 783
524 1 1
3 2 974
496 2 426
767 2 480
367 1 367
386 1 386
208 2 208
245 2 538
412 2 376
266 2 553
913 2 11
529 1 745
426 2 71
15 1 23
66 2 473
285 2 95
243 1 243
996 1 145
2 2 997
813 2 489
220 2 390
245 1 232
737 1 94
459 1 798
984 2 620
479 2 366
211 2 163
4 1 1000
749 2 787
15 2 2
997 2 997
336 1 978
54 2 845
1000 1 1000
6 2 771
4 1 997
422 2 276
685 2 320
815 2 441
198 2 438
194 2 491
822 2 137
893 2 893
810 1 810
773 2 646
2 2 2
6 2 257
438 2 438
3 1 1000
861 2 861
184 1 184
594 1 83
15 2 1000
801 1 801
799 1 42
991 2 1
436 1 436
827 2 827
951 2 811
573 2 191
1 1 1000
708 2 123
85 2 947
552 1 772
345 2 260
449 2 173
787 1 741
667 2 837
3 1 2
1 2 1
637 2 637
878 2 439
40 2 384
951 1 951
708 2 354
247 2 726
103 2 152
93 2 907
946 1 473
71 1 127
2 1 1000
976 2 488
503 2 957
541 2 660
832 2 531
716 1 716
283 1 48
404 1 404
3 2 487
595 2 595
987 1 508
534 1 611
744 2 186
326 2 113
805 2 161
902 1 451
856 1 856
549 2 549
789 2 789
997 2 1
964 2 482
761 2 761
858 2 104
748 1 11
513 1 981
3 2 997
511 2 640
3 1 972
410 1 148
136 1 682
93 2 992
997 2 2
783 1 783
330 1 55
247 2 247
134 2 134
784 2 516
175 2 932
568 2 97
751 1 283
54 2 523
912 1 851
25 2 3
513 2 807
361 2 482
807 1 807
921 2 930
789 1 789
722 1 426
621 1 563
659 1 977
881 2 253
690 2 345
469 2 196
694 1 197
4 1 2
380 2 164
900 2 900
914 2 914
924 1 765
368 1 491
458 1 733
502 2 226
654 2 48
233 2 129
454 2 454
38 2 814
892 2 125
79 2 688
644 1 161
520 2 260
827 1 319
2 1 1
270 2 565
992 1 124
995 2 812
1000 1 2
626 1 190
542 2 271
674 1 674
347 1 681
673 1 727
934 2 934
2 2 512
498 2 663
660 2 795
15 1 997
558 2 554
929 2 615
606 1 606
690 2 793
701 2 541
303 2 3
363 1 890
888 1 222
676 2 899
82 1 561
2 2 970
798 2 271
247 1 648
760 1 760
771 1 737
871 1 555
991 2 2
140 2 762
774 2 657
