500
526 1 257
739 2 353
870 1 174
191 1 982
509 2 144
922 1 495
220 1 55
862 1 431
176 2 265
4 1 1
868 1 293
722 2 686
66 2 304
899 2 899
837 2 258
15 1 2
802 2 66
429 2 938
374 1 374
166 2 944
596 1 596
3 1 81
6 2 771
370 2 835
798 2 209
73 2 203
503 2 765
507 2 562
470 2 486
659 1 659
1000 1 1
197 2 110
427 1 761
226 2 804
3 1 2
1 1 2
1000 2 1
97 2 160
654 2 327
1 1 1000
853 2 225
492 1 84
344 2 40
6 1 896
292 2 375
619 2 619
696 2 696
15 2 1000
114 2 415
647 2 651
462 2 462
354 2 883
240 2 311
251 2 367
868 2 790
213 2 782
323 2 323
870 2 736
954 1 954
738 2 644
3 1 972
484 2 242
779 2 779
594 1 594
4 2 997
452 2 915
85 2 560
953 1 873
955 2 766
798 1 399
1 2 1000
90 2 693
579 2 800
756 2 471
15 2 2
794 2 56
2 1 1
618 1 618
765 2 153
195 1 413
2 2 997
78 2 89
991 2 1
891 1 396
494 2 86
15 2 997
518 2 259
323 2 295
348 2 174
496 1 984
120 2 684
691 2 670
595 1 586
491 2 381
138 2 69
497 2 534
836 2 418
688 1 891
723 1 723
252 2 252
456 1 38
383 2 753
446 1 815
643 2 627
753 2 95
336 2 392
2 2 1000
4 1 512
324 2 54
193 1 615
126 2 237
238 2 998
881 1 881
128 1 5
316 2 79
850 1 425
1 1 997
1000 1 1000
444 2 849
688 2 718
661 2 974
969 2 423
639 2 800
951 1 951
1000 1 997
522 2 174
893 2 993
397 2 118
663 2 320
991 2 2
914 2 914
845 2 700
901 1 901
145 2 779
2 2 1
941 1 941
982 2 982
746 2 746
368 2 728
770 1 258
3 2 487
707 2 707
4 1 2
716 2 354
414 2 207
105 2 619
237 1 56
15 1 997
437 1 776
819 1 819
911 1 340
495 1 165
828 2 907
494 2 41
809 2 840
182 2 360
559 1 559
781 1 781
139 1 952
54 2 837
838 2 838
29 2 128
549 1 549
997 2 1000
160 1 784
316 2 462
835 1 116
6 2 257
875 2 239
463 2 463
454 2 128
140 1 958
188 2 290
632 2 632
782 2 786
280 2 280
794 1 911
99 2 696
653 2 553
362 2 551
741 1 922
817 1 21
95 2 544
513 2 513
850 2 552
470 2 309
418 2 892
691 1 256
925 2 676
403 2 778
605 2 303
290 1 2
416 2 961
423 1 67
906 1 705
167 2 95
918 1 918
992 1 992
884 2 866
239 2 256
652 2 738
1000 2 2
383 2 331
584 2 292
252 1 384
842 2 239
2 2 2
1000 2 1000
44 2 63
191 1 300
997 1 997
187 1 345
2 1 997
947 2 973
3 1 997
867 2 454
814 1 814
336 2 984
701 2 146
852 2 983
991 2 997
3 2 1000
952 2 120
15 1 1000
748 2 473
1000 2 997
2 2 97
641 1 641
607 2 127
83 1 116
562 1 930
990 2 499
3 2 974
1000 1 2
342 2 750
705 2 141
302 1 302
425 2 314
506 1 567
735 2 878
551 2 417
762 2 762
15 2 1
300 1 591
888 2 888
258 1 43
513 2 953
49 2 410
556 2 127
772 2 772
240 2 78
710 2 710
741 1 603
628 2 499
3 1 1000
345 2 18
309 2 309
891 2 297
647 1 647
696 2 56
44 1 764
105 2 631
424 1 4
590 1 302
833 2 699
958 2 958
489 2 528
267 1 755
31 2 40
440 1 885
472 2 144
13 1 200
680 1 346
715 2 118
384 2 934
533 2 145
653 2 14
373 2 373
656 1 394
744 1 744
723 2 723
480 2 160
467 2 240
293 2 90
740 2 441
606 2 76
240 2 258
614 1 614
193 1 214
925 2 925
411 2 118
910 1 843
989 2 163
42 2 502
88 1 856
540 2 526
495 1 495
332 2 993
914 1 457
620 1 748
944 2 472
337 2 477
4 2 1
574 2 574
468 2 156
73 1 169
269 1 480
294 1 887
117 2 127
115 2 568
575 1 264
252 2 216
130 2 190
15 2 24
930 2 930
352 1 176
574 2 302
259 1 640
6 1 128
1000 1 500
845 1 454
1 1 1
598 2 299
300 1 150
965 1 438
380 2 380
775 2 946
65 2 406
729 2 243
663 1 663
740 2 538
2 2 970
857 2 224
107 1 20
931 2 931
452 2 910
417 2 761
382 2 523
433 2 433
197 2 756
596 1 837
1 2 2
84 2 937
752 1 752
610 2 110
714 2 822
686 2 4
468 2 217
162 2 635
402 2 613
458 1 758
795 2 795
4 2 1000
78 2 898
743 2 743
44 1 101
777 2 429
465 2 465
886 2 886
218 2 916
4 1 997
3 1 1
794 2 469
796 1 796
83 2 730
549 2 549
320 2 682
623 2 623
876 2 161
52 2 270
880 1 201
997 2 1
503 2 13
90 2 124
778 2 389
4 1 1000
338 2 525
940 2 10
115 2 913
877 2 877
982 2 982
174 2 885
295 2 28
374 1 388
472 2 472
509 1 250
416 1 681
143 2 252
418 1 209
830 2 830
464 2 616
203 2 203
794 2 397
306 2 902
357 2 518
938 2 7
672 2 336
905 2 905
888 2 888
726 2 829
523 1 523
4 2 2
258 2 795
616 2 208
216 2 503
965 1 965
786 2 786
964 2 561
139 2 20
749 2 441
158 2 864
792 2 386
997 2 2
719 2 719
828 2 178
882 2 42
26 2 610
713 2 495
248 2 115
400 1 400
999 2 749
538 2 57
810 1 3
865 1 218
971 1 176
96 2 961
873 1 873
513 1 332
235 2 993
31 2 87
500 2 119
185 1 195
603 1 603
1 2 1
932 1 332
791 2 846
789 2 641
578 1 210
352 2 173
2 1 2
402 2 657
790 1 687
2 1 8
271 1 267
3 2 2
793 1 793
486 2 162
252 2 434
984 2 246
982 2 491
997 2 997
361 1 361
3 2 997
2 1 1000
697 1 34
208 1 620
407 2 699
523 2 531
563 1 127
6 2 514
719 2 306
904 2 241
462 1 283
847 1 847
46 2 518
438 1 438
265 1 513
222 1 105
991 2 1000
15 1 1
666 2 666
629 2 629
115 2 756
473 2 473
702 2 235
994 1 71
3 2 1
650 2 650
837 1 565
846 2 108
157 2 842
153 2 961
902 2 902
725 2 564
2 2 512
61 2 430
488 2 802
27 2 178
720 1 720
858 2 185
633 1 113
135 2 998
673 2 697
267 1 673
11 2 982
848 1 424
816 2 548
675 2 409
1 2 997
318 2 88
